gmde_code_2022,gmde_name_2022,men,women,swiss,foreign,swiss_men,swiss_women,foreign_men,foreign_women
0001,Aeugst am Albis,987,994,1728,253,852,876,135,118
0002,Affoltern am Albis,5818,5890,8541,3167,4132,4409,1686,1481
0003,Bonstetten,2614,2712,4579,747,2225,2354,389,358
0004,Hausen am Albis,1687,1790,3004,473,1439,1565,248,225
0005,Hedingen,1844,1816,3116,544,1551,1565,293,251
0006,Kappel am Albis,512,521,885,148,437,448,75,73
0007,Knonau,1063,1034,1755,342,884,871,179,163
0008,Maschwanden,333,308,562,79,289,273,44,35
0009,Mettmenstetten,2356,2313,4006,663,1987,2019,369,294
0010,Obfelden,2501,2508,4026,983,1985,2041,516,467
0011,Ottenbach,1268,1301,2285,284,1129,1156,139,145
0012,Rifferswil,498,559,966,91,454,512,44,47
0013,Stallikon,1746,1709,2789,666,1406,1383,340,326
0014,Wettswil am Albis,2416,2504,4195,725,2061,2134,355,370
0021,Adlikon,322,340,602,60,294,308,28,32
0022,Benken (ZH),437,423,753,107,378,375,59,48
0023,Berg am Irchel,291,282,516,57,260,256,31,26
0024,Buch am Irchel,472,494,888,78,431,457,41,37
0025,Dachsen,1004,984,1696,292,832,864,172,120
0026,Dorf,312,312,581,43,290,291,22,21
0027,Feuerthalen,1779,1788,2719,848,1334,1385,445,403
0028,Flaach,690,669,1155,204,565,590,125,79
0029,Flurlingen,729,709,1216,222,612,604,117,105
0030,Andelfingen,1065,1105,1893,277,913,980,152,125
0031,Henggart,1073,1176,2043,206,963,1080,110,96
0032,Humlikon,250,254,471,33,234,237,16,17
0033,Kleinandelfingen,1036,1046,1802,280,882,920,154,126
0034,Laufen-Uhwiesen,817,817,1441,193,717,724,100,93
0035,Marthalen,972,984,1743,213,856,887,116,97
0037,Ossingen,726,700,1296,130,661,635,65,65
0038,Rheinau,654,667,1051,270,507,544,147,123
0039,Thalheim an der Thur,467,437,833,71,429,404,38,33
0040,Trüllikon,533,482,928,87,481,447,52,35
0041,Truttikon,227,246,446,27,212,234,15,12
0043,Volken,175,164,305,34,158,147,17,17
0292,Stammheim,1386,1392,2522,256,1252,1270,134,122
0051,Bachenbülach,2010,2024,3058,976,1502,1556,508,468
0052,Bassersdorf,5815,5765,8804,2776,4313,4491,1502,1274
0053,Bülach,9574,9819,14347,5046,6922,7425,2652,2394
0054,Dietlikon,3754,3871,5787,1838,2796,2991,958,880
0055,Eglisau,2544,2481,3866,1159,1934,1932,610,549
0056,Embrach,4635,4504,6734,2405,3328,3406,1307,1098
0057,Freienstein-Teufen,1174,1131,1979,326,983,996,191,135
0058,Glattfelden,2488,2467,3769,1186,1817,1952,671,515
0059,Hochfelden,983,1011,1706,288,827,879,156,132
0060,Höri,1371,1274,1788,857,899,889,472,385
0061,Hüntwangen,525,489,906,108,471,435,54,54
0062,Kloten,9366,9086,12572,5880,6192,6380,3174,2706
0063,Lufingen,1074,998,1689,383,872,817,202,181
0064,Nürensdorf,2742,2726,4607,861,2287,2320,455,406
0065,Oberembrach,545,534,948,131,473,475,72,59
0066,Opfikon,9699,8918,10241,8376,5165,5076,4534,3842
0067,Rafz,2182,2162,3467,877,1733,1734,449,428
0068,Rorbas,1379,1364,2021,722,996,1025,383,339
0069,Wallisellen,7854,7808,10838,4824,5282,5556,2572,2252
0070,Wasterkingen,284,289,512,61,253,259,31,30
0071,Wil (ZH),703,678,1229,152,621,608,82,70
0072,Winkel,2138,2108,3625,621,1797,1828,341,280
0081,Bachs,300,285,528,57,268,260,32,25
0082,Boppelsen,668,655,1166,157,582,584,86,71
0083,Buchs (ZH),3197,3097,4746,1548,2364,2382,833,715
0084,Dällikon,2038,1914,2806,1146,1397,1409,641,505
0085,Dänikon,959,931,1384,506,691,693,268,238
0086,Dielsdorf,2941,2980,4189,1732,2056,2133,885,847
0087,Hüttikon,438,443,742,139,362,380,76,63
0088,Neerach,1560,1487,2653,394,1341,1312,219,175
0089,Niederglatt,2383,2385,3495,1273,1719,1776,664,609
0090,Niederhasli,4540,4560,6806,2294,3339,3467,1201,1093
0091,Niederweningen,1439,1414,2389,464,1198,1191,241,223
0092,Oberglatt,3457,3361,4352,2466,2145,2207,1312,1154
0093,Oberweningen,916,884,1430,370,713,717,203,167
0094,Otelfingen,1395,1389,2214,570,1102,1112,293,277
0095,Regensberg,240,228,380,88,186,194,54,34
0096,Regensdorf,9117,8919,11833,6203,5823,6010,3294,2909
0097,Rümlang,3931,3843,5391,2383,2631,2760,1300,1083
0098,Schleinikon,373,349,657,65,338,319,35,30
0099,Schöfflisdorf,681,715,1174,222,569,605,112,110
0100,Stadel,1098,1107,1905,300,925,980,173,127
0101,Steinmaur,1735,1660,2587,808,1283,1304,452,356
0102,Weiach,696,683,1102,277,539,563,157,120
0111,Bäretswil,2491,2483,4432,542,2182,2250,309,233
0112,Bubikon,3457,3562,6266,753,3054,3212,403,350
0113,Dürnten,3807,3614,6048,1373,3059,2989,748,625
0114,Fischenthal,1232,1188,2103,317,1056,1047,176,141
0115,Gossau (ZH),4852,4906,8390,1368,4071,4319,781,587
0116,Grüningen,1689,1682,2922,449,1442,1480,247,202
0117,Hinwil,5368,5480,9041,1807,4398,4643,970,837
0118,Rüti (ZH),6018,6029,9264,2783,4500,4764,1518,1265
0119,Seegräben,726,706,1184,248,595,589,131,117
0120,Wald (ZH),4716,4731,6954,2493,3353,3601,1363,1130
0121,Wetzikon (ZH),12117,12290,18359,6048,8895,9464,3222,2826
0131,Adliswil,9227,9378,12163,6442,5827,6336,3400,3042
0135,Kilchberg (ZH),3920,4178,5647,2451,2669,2978,1251,1200
0136,Langnau am Albis,3650,3802,5534,1918,2635,2899,1015,903
0137,Oberrieden,2444,2593,4061,976,1921,2140,523,453
0138,Richterswil,6482,6716,10597,2601,5141,5456,1341,1260
0139,Rüschlikon,2754,2920,3979,1695,1886,2093,868,827
0141,Thalwil,8665,9082,12876,4871,6157,6719,2508,2363
0293,Wädenswil,11966,12417,19098,5285,9235,9863,2731,2554
0295,Horgen,10976,11379,15907,6448,7640,8267,3336,3112
0151,Erlenbach (ZH),2663,2807,4325,1145,2092,2233,571,574
0152,Herrliberg,3037,3258,4938,1357,2389,2549,648,709
0153,Hombrechtikon,4168,4317,6776,1709,3274,3502,894,815
0154,Küsnacht (ZH),6616,7214,10403,3427,4896,5507,1720,1707
0155,Männedorf,5082,5511,8626,1967,4102,4524,980,987
0156,Meilen,6441,7090,10526,3005,4943,5583,1498,1507
0157,Oetwil am See,2336,2333,3320,1349,1608,1712,728,621
0158,Stäfa,6882,7296,11572,2606,5545,6027,1337,1269
0159,Uetikon am See,2908,3080,4861,1127,2337,2524,571,556
0160,Zumikon,2440,2732,3982,1190,1844,2138,596,594
0161,Zollikon,6096,6657,9711,3042,4568,5143,1528,1514
0172,Fehraltorf,3117,3190,5188,1119,2508,2680,609,510
0173,Hittnau,1814,1800,3314,300,1640,1674,174,126
0176,Lindau,2740,2648,4251,1137,2116,2135,624,513
0177,Pfäffikon,5631,5823,9283,2171,4502,4781,1129,1042
0178,Russikon,2165,2127,3722,570,1854,1868,311,259
0180,Weisslingen,1638,1623,2928,333,1449,1479,189,144
0181,Wila,979,952,1684,247,837,847,142,105
0182,Wildberg,500,506,921,85,460,461,40,45
0296,Illnau-Effretikon,8271,8463,12429,4305,5992,6437,2279,2026
0297,Bauma,2434,2408,4080,762,2015,2065,419,343
0191,Dübendorf,13258,13586,17859,8985,8547,9312,4711,4274
0192,Egg,4039,4349,6761,1627,3203,3558,836,791
0193,Fällanden,4091,4265,6486,1870,3140,3346,951,919
0194,Greifensee,2663,2711,4339,1035,2128,2211,535,500
0195,Maur,4863,5027,7907,1983,3827,4080,1036,947
0196,Mönchaltorf,1804,1873,3110,567,1498,1612,306,261
0197,Schwerzenbach,2494,2507,3714,1287,1831,1883,663,624
0198,Uster,16730,17156,26227,7659,12703,13524,4027,3632
0199,Volketswil,9286,9250,13986,4550,6890,7096,2396,2154
0200,Wangen-Brüttisellen,3938,3789,5609,2118,2820,2789,1118,1000
0211,Altikon,326,329,601,54,294,307,32,22
0213,Brütten,1026,990,1878,138,954,924,72,66
0214,Dägerlen,527,487,930,84,477,453,50,34
0215,Dättlikon,380,365,670,75,335,335,45,30
0216,Dinhard,750,744,1350,144,675,675,75,69
0218,Ellikon an der Thur,445,440,768,117,380,388,65,52
0219,Elsau,1732,1748,2919,561,1425,1494,307,254
0220,Hagenbuch,573,531,992,112,515,477,58,54
0221,Hettlingen,1536,1578,2851,263,1394,1457,142,121
0223,Neftenbach,2780,2733,4908,605,2436,2472,344,261
0224,Pfungen,1897,1860,2770,987,1359,1411,538,449
0225,Rickenbach (ZH),1280,1318,2306,292,1117,1189,163,129
0226,Schlatt (ZH),381,357,690,48,354,336,27,21
0227,Seuzach,3554,3657,6286,925,3066,3220,488,437
0228,Turbenthal,2271,2201,3639,833,1804,1835,467,366
0230,Winterthur,53145,55123,82750,25518,39678,43072,13467,12051
0231,Zell (ZH),2858,2842,4482,1218,2204,2278,654,564
0294,Elgg,2381,2318,3916,783,1961,1955,420,363
0298,Wiesendangen,3075,3151,5699,527,2807,2892,268,259
0241,Aesch (ZH),606,591,1016,181,509,507,97,84
0242,Birmensdorf (ZH),3078,3176,4806,1448,2293,2513,785,663
0243,Dietikon,13521,13190,14926,11785,7225,7701,6296,5489
0244,Geroldswil,2460,2408,3628,1240,1803,1825,657,583
0245,Oberengstringen,3294,3281,4493,2082,2148,2345,1146,936
0246,Oetwil an der Limmat,1199,1170,1979,390,985,994,214,176
0247,Schlieren,9517,8936,9893,8560,4775,5118,4742,3818
0248,Uitikon,2068,2044,3470,642,1749,1721,319,323
0249,Unterengstringen,1824,1824,2774,874,1376,1398,448,426
0250,Urdorf,4766,4922,7446,2242,3577,3869,1189,1053
0251,Weiningen (ZH),2344,2169,3310,1203,1673,1637,671,532
0261,Zürich,197241,199714,269804,127151,129072,140732,68169,58982
0431,Corgémont,833,844,1438,239,714,724,119,120
0432,Cormoret,238,244,452,30,224,228,14,16
0433,Cortébert,365,345,613,97,311,302,54,43
0434,Courtelary,682,678,1165,195,578,587,104,91
0435,La Ferrière,280,264,508,36,261,247,19,17
0437,Mont-Tramelan,51,65,112,4,50,62,1,3
0438,Orvin,603,592,1060,135,533,527,70,65
0441,Renan (BE),461,435,797,99,412,385,49,50
0442,Romont (BE),98,97,165,30,84,81,14,16
0443,Saint-Imier,2495,2606,3650,1451,1722,1928,773,678
0444,Sonceboz-Sombeval,992,940,1592,340,801,791,191,149
0445,Sonvilier,641,616,1112,145,566,546,75,70
0446,Tramelan,2228,2189,3718,699,1858,1860,370,329
0448,Villeret,456,471,798,129,384,414,72,57
0449,Sauge,410,400,702,108,346,356,64,44
0450,Péry-La Heutte,960,959,1626,293,803,823,157,136
0681,Belprahon,158,150,293,15,149,144,9,6
0683,Champoz,72,89,159,2,72,87,0,2
0687,Corcelles (BE),103,108,200,11,96,104,7,4
0690,Court,711,707,1278,140,643,635,68,72
0691,Crémines,271,258,488,41,251,237,20,21
0692,Eschert,197,178,319,56,167,152,30,26
0694,Grandval,205,183,358,30,186,172,19,11
0696,Loveresse,158,164,304,18,148,156,10,8
0700,Moutier,3741,3874,5549,2066,2685,2864,1056,1010
0701,Perrefitte,212,222,364,70,173,191,39,31
0703,Reconvilier,1137,1197,1865,469,894,971,243,226
0704,Roches (BE),109,105,184,30,91,93,18,12
0706,Saicourt,303,304,578,29,284,294,19,10
0707,Saules (BE),78,81,157,2,77,80,1,1
0708,Schelten,19,19,36,2,18,18,1,1
0709,Seehof,38,30,65,3,37,28,1,2
0711,Sorvilier,145,135,251,29,127,124,18,11
0713,Tavannes,1816,1796,2794,818,1353,1441,463,355
0715,Rebévelier,26,17,42,1,26,16,0,1
0716,Petit-Val,217,194,383,28,203,180,14,14
0717,Valbirse,1981,2028,3188,821,1536,1652,445,376
0723,La Neuveville,1786,1907,3049,644,1427,1622,359,285
0724,Nods,388,358,702,44,360,342,28,16
0726,Plateau de Diesse,1020,1010,1851,179,916,935,104,75
0371,Biel/Bienne,26439,27724,36605,17558,17206,19399,9233,8325
0372,Evilard,1253,1299,2255,297,1098,1157,155,142
0387,Lengnau (BE),2438,2518,3873,1083,1861,2012,577,506
0390,Meinisberg,667,661,1183,145,580,603,87,58
0392,Pieterlen,2021,2013,3008,1026,1467,1541,554,472
0731,Aegerten,938,936,1561,313,768,793,170,143
0732,Bellmund,819,804,1517,106,769,748,50,56
0733,Brügg,2071,2227,3399,899,1588,1811,483,416
0739,Ipsach,1979,1993,3540,432,1753,1787,226,206
0740,Ligerz,264,283,510,37,244,266,20,17
0742,Mörigen,397,446,795,48,376,419,21,27
0743,Nidau,3264,3691,5223,1732,2378,2845,886,846
0744,Orpund,1316,1359,2200,475,1060,1140,256,219
0745,Port,1684,1802,3064,422,1458,1606,226,196
0746,Safnern,951,1000,1792,159,863,929,88,71
0747,Scheuren,217,232,438,11,210,228,7,4
0748,Schwadernau,329,328,611,46,298,313,31,15
0750,Sutz-Lattrigen,659,741,1308,92,618,690,41,51
0756,Twann-Tüscherz,579,581,1023,137,508,515,71,66
0301,Aarberg,2248,2281,4001,528,1954,2047,294,234
0302,Bargen (BE),494,501,896,99,438,458,56,43
0303,Grossaffoltern,1486,1513,2827,172,1386,1441,100,72
0304,Kallnach,1103,1116,2022,197,987,1035,116,81
0305,Kappelen,692,658,1258,92,634,624,58,34
0306,Lyss,7114,7227,11939,2402,5810,6129,1304,1098
0309,Radelfingen,619,637,1187,69,580,607,39,30
0310,Rapperswil (BE),1266,1320,2439,147,1195,1244,71,76
0311,Schüpfen,1838,1881,3460,259,1680,1780,158,101
0312,Seedorf (BE),1486,1516,2804,198,1384,1420,102,96
0381,Arch,759,781,1445,95,704,741,55,40
0382,Büetigen,447,386,786,47,420,366,27,20
0383,Büren an der Aare,1794,1743,2918,619,1442,1476,352,267
0385,Diessbach bei Büren,507,489,900,96,457,443,50,46
0386,Dotzigen,729,726,1332,123,662,670,67,56
0388,Leuzigen,608,643,1189,62,569,620,39,23
0389,Meienried,29,23,50,2,28,22,1,1
0391,Oberwil bei Büren,410,420,791,39,385,406,25,14
0393,Rüti bei Büren,410,430,777,63,376,401,34,29
0394,Wengi,321,288,554,55,289,265,32,23
0491,Brüttelen,304,264,454,114,232,222,72,42
0492,Erlach,686,724,1189,221,569,620,117,104
0493,Finsterhennen,284,249,395,138,212,183,72,66
0494,Gals,380,400,696,84,331,365,49,35
0495,Gampelen,456,408,718,146,361,357,95,51
0496,Ins,1685,1759,2826,618,1347,1479,338,280
0497,Lüscherz,270,258,477,51,247,230,23,28
0498,Müntschemier,671,662,945,388,469,476,202,186
0499,Siselen,295,284,520,59,265,255,30,29
0500,Treiten,218,215,388,45,197,191,21,24
0501,Tschugg,224,223,359,88,179,180,45,43
0502,Vinelz,424,436,765,95,365,400,59,36
0734,Bühl,208,215,411,12,199,212,9,3
0735,Epsach,166,162,313,15,156,157,10,5
0736,Hagneck,207,203,389,21,196,193,11,10
0737,Hermrigen,151,152,277,26,135,142,16,10
0738,Jens,344,330,642,32,331,311,13,19
0741,Merzligen,203,198,389,12,194,195,9,3
0749,Studen (BE),1518,1589,2588,519,1237,1351,281,238
0751,Täuffelen,1341,1412,2532,221,1221,1311,120,101
0754,Walperswil,507,492,933,66,473,460,34,32
0755,Worben,1112,1162,2026,248,969,1057,143,105
0321,Aarwangen,2196,2212,3759,649,1827,1932,369,280
0322,Auswil,245,226,466,5,242,224,3,2
0323,Bannwil,363,336,628,71,323,305,40,31
0324,Bleienbach,346,331,642,35,321,321,25,10
0325,Busswil bei Melchnau,93,77,166,4,92,74,1,3
0326,Gondiswil,354,383,710,27,339,371,15,12
0329,Langenthal,7751,8106,12528,3329,5962,6566,1789,1540
0331,Lotzwil,1270,1244,2101,413,1026,1075,244,169
0332,Madiswil,1581,1637,3051,167,1487,1564,94,73
0333,Melchnau,794,763,1316,241,650,666,144,97
0335,Oeschenbach,125,116,235,6,122,113,3,3
0336,Reisiswil,91,97,173,15,82,91,9,6
0337,Roggwil (BE),1943,1985,3328,600,1628,1700,315,285
0338,Rohrbach,693,720,1316,97,638,678,55,42
0339,Rohrbachgraben,201,193,378,16,192,186,9,7
0340,Rütschelen,280,291,548,23,263,285,17,6
0341,Schwarzhäusern,251,250,477,24,236,241,15,9
0342,Thunstetten,1642,1616,2704,554,1338,1366,304,250
0344,Ursenbach,448,463,872,39,426,446,22,17
0345,Wynau,831,789,1256,364,632,624,199,165
0953,Eriswil,679,683,1299,63,646,653,33,30
0954,Huttwil,2378,2363,4237,504,2097,2140,281,223
0959,Walterswil (BE),262,262,520,4,258,262,4,0
0960,Wyssachen,596,573,1104,65,557,547,39,26
0971,Attiswil,705,702,1275,132,635,640,70,62
0972,Berken,18,22,40,0,18,22,0,0
0973,Bettenhausen,320,340,638,22,308,330,12,10
0975,Farnern,102,103,195,10,96,99,6,4
0976,Graben,180,157,315,22,164,151,16,6
0977,Heimenhausen,566,539,1021,84,517,504,49,35
0979,Herzogenbuchsee,3389,3605,5814,1180,2754,3060,635,545
0980,Inkwil,313,311,585,39,296,289,17,22
0981,Niederbipp,2387,2324,3694,1017,1826,1868,561,456
0982,Niederönz,809,832,1495,146,725,770,84,62
0983,Oberbipp,837,824,1412,249,700,712,137,112
0985,Ochlenberg,293,280,561,12,284,277,9,3
0987,Rumisberg,241,229,450,20,231,219,10,10
0988,Seeberg,756,748,1434,70,715,719,41,29
0989,Thörigen,565,525,1004,86,517,487,48,38
0990,Walliswil bei Niederbipp,109,115,203,21,95,108,14,7
0991,Walliswil bei Wangen,286,292,556,22,272,284,14,8
0992,Wangen an der Aare,1124,1150,1963,311,966,997,158,153
0993,Wangenried,210,221,411,20,201,210,9,11
0995,Wiedlisbach,1106,1164,1938,332,930,1008,176,156
0401,Aefligen,535,532,994,73,494,500,41,32
0402,Alchenstorf,300,302,572,30,281,291,19,11
0404,Burgdorf,7876,8352,13856,2372,6599,7257,1277,1095
0405,Ersigen,1002,1024,1952,74,965,987,37,37
0406,Hasle bei Burgdorf,1680,1673,3109,244,1543,1566,137,107
0407,Heimiswil,814,793,1538,69,769,769,45,24
0408,Hellsau,98,103,191,10,93,98,5,5
0409,Hindelbank,1291,1260,2274,277,1142,1132,149,128
0410,Höchstetten,134,136,259,11,131,128,3,8
0411,Kernenried,259,268,501,26,244,257,15,11
0412,Kirchberg (BE),2866,2951,4978,839,2438,2540,428,411
0413,Koppigen,1029,1097,1988,138,950,1038,79,59
0414,Krauchthal,1202,1133,2225,110,1138,1087,64,46
0415,Lyssach,721,701,1309,113,654,655,67,46
0418,Oberburg,1445,1464,2452,457,1199,1253,246,211
0420,Rüdtligen-Alchenflüh,1222,1213,1819,616,906,913,316,300
0421,Rumendingen,46,38,82,2,44,38,2,0
0422,Rüti bei Lyssach,88,83,163,8,82,81,6,2
0423,Willadingen,104,99,202,1,103,99,1,0
0424,Wynigen,997,1014,1950,61,963,987,34,27
0533,Bätterkinden,1541,1645,2972,214,1417,1555,124,90
0552,Utzenstorf,2107,2106,3850,363,1898,1952,209,154
0554,Wiler bei Utzenstorf,450,431,838,43,427,411,23,20
0556,Zielebach,156,169,310,15,148,162,8,7
0901,Eggiwil,1231,1211,2399,43,1213,1186,18,25
0902,Langnau im Emmental,4434,4720,8494,660,4060,4434,374,286
0903,Lauperswil,1345,1318,2558,105,1290,1268,55,50
0904,Röthenbach im Emmental,622,584,1186,20,609,577,13,7
0905,Rüderswil,1190,1145,2253,82,1147,1106,43,39
0906,Schangnau,463,442,870,35,442,428,21,14
0907,Signau,1355,1342,2559,138,1279,1280,76,62
0908,Trub,701,646,1325,22,687,638,14,8
0909,Trubschachen,703,722,1314,111,650,664,53,58
0951,Affoltern im Emmental,592,567,1112,47,562,550,30,17
0952,Dürrenroth,532,535,1040,27,517,523,15,12
0955,Lützelflüh,1997,2083,3840,240,1861,1979,136,104
0956,Rüegsau,1581,1620,3060,141,1509,1551,72,69
0957,Sumiswald,2499,2500,4689,310,2328,2361,171,139
0958,Trachselwald,500,477,945,32,484,461,16,16
0307,Meikirch,1150,1236,2246,140,1072,1174,78,62
0351,Bern,63140,68414,98347,33207,45871,52476,17269,15938
0352,Bolligen,2935,3203,5625,513,2688,2937,247,266
0353,Bremgarten bei Bern,2112,2273,3959,426,1894,2065,218,208
0354,Kirchlindach,1389,1511,2656,244,1260,1396,129,115
0355,Köniz,19293,20921,32966,7248,15469,17497,3824,3424
0356,Muri bei Bern,6203,6781,10941,2043,5155,5786,1048,995
0357,Oberbalm,440,443,839,44,418,421,22,22
0358,Stettlen,1555,1594,2761,388,1347,1414,208,180
0359,Vechigen,2581,2671,4836,416,2351,2485,230,186
0360,Wohlen bei Bern,4357,4630,8096,891,3902,4194,455,436
0361,Zollikofen,4953,5264,8069,2148,3837,4232,1116,1032
0362,Ittigen,5578,5812,8763,2627,4198,4565,1380,1247
0363,Ostermundigen,8152,8636,11961,4827,5611,6350,2541,2286
0403,Bäriswil,499,524,963,60,461,502,38,22
0535,Deisswil bei Münchenbuchsee,41,44,85,0,41,44,0,0
0536,Diemerswil,103,101,196,8,100,96,3,5
0538,Fraubrunnen,2408,2481,4590,299,2246,2344,162,137
0540,Jegenstorf,2746,2863,5089,520,2468,2621,278,242
0541,Iffwil,216,207,409,14,209,200,7,7
0543,Mattstetten,287,274,545,16,275,270,12,4
0544,Moosseedorf,1999,2013,3213,799,1563,1650,436,363
0546,Münchenbuchsee,4875,5072,8323,1624,4018,4305,857,767
0551,Urtenen-Schönbühl,3015,3196,5069,1142,2432,2637,583,559
0553,Wiggiswil,47,51,88,10,42,46,5,5
0557,Zuzwil (BE),277,293,551,19,263,288,14,5
0602,Arni (BE),479,443,891,31,458,433,21,10
0603,Biglen,880,865,1614,131,808,806,72,59
0605,Bowil,695,675,1341,29,680,661,15,14
0606,Brenzikofen,269,250,504,15,261,243,8,7
0607,Freimettigen,232,237,439,30,216,223,16,14
0608,Grosshöchstetten,2066,2080,3804,342,1881,1923,185,157
0609,Häutligen,119,130,245,4,116,129,3,1
0610,Herbligen,296,304,573,27,283,290,13,14
0611,Kiesen,446,478,877,47,427,450,19,28
0612,Konolfingen,2553,2672,4713,512,2278,2435,275,237
0613,Landiswil,308,317,613,12,301,312,7,5
0614,Linden,636,641,1224,53,607,617,29,24
0615,Mirchel,322,304,603,23,309,294,13,10
0616,Münsingen,5840,6359,10936,1263,5196,5740,644,619
0617,Niederhünigen,292,314,592,14,280,312,12,2
0619,Oberdiessbach,1767,1755,3262,260,1623,1639,144,116
0620,Oberthal,384,355,726,13,377,349,7,6
0622,Oppligen,316,342,626,32,299,327,17,15
0623,Rubigen,1433,1487,2727,193,1332,1395,101,92
0626,Walkringen,893,879,1676,96,840,836,53,43
0627,Worb,5552,5897,9600,1849,4592,5008,960,889
0628,Zäziwil,837,805,1507,135,756,751,81,54
0629,Oberhünigen,151,166,307,10,143,164,8,2
0630,Allmendingen,268,277,502,43,246,256,22,21
0632,Wichtrach,2053,2062,3854,261,1912,1942,141,120
0662,Ferenbalm,606,628,1114,120,537,577,69,51
0663,Frauenkappelen,597,610,1106,101,542,564,55,46
0665,Gurbrü,131,115,213,33,111,102,20,13
0666,Kriechenwil,209,213,395,27,196,199,13,14
0667,Laupen,1533,1546,2651,428,1303,1348,230,198
0668,Mühleberg,1425,1429,2593,261,1274,1319,151,110
0669,Münchenwiler,244,236,422,58,211,211,33,25
0670,Neuenegg,2607,2587,4572,622,2268,2304,339,283
0671,Wileroltigen,187,197,337,47,164,173,23,24
0852,Guggisberg,768,782,1516,34,745,771,23,11
0853,Rüschegg,791,816,1538,69,752,786,39,30
0855,Schwarzenburg,3390,3467,6425,432,3152,3273,238,194
0861,Belp,5639,5909,10022,1526,4825,5197,814,712
0866,Gerzensee,571,592,1095,68,537,558,34,34
0868,Jaberg,118,134,244,8,113,131,5,3
0869,Kaufdorf,530,531,972,89,480,492,50,39
0870,Kehrsatz,2081,2145,3260,966,1590,1670,491,475
0872,Kirchdorf (BE),903,871,1675,99,842,833,61,38
0877,Niedermuhlern,234,229,439,24,221,218,13,11
0879,Riggisberg,1455,1433,2703,185,1343,1360,112,73
0880,Rüeggisberg,905,914,1747,72,866,881,39,33
0884,Toffen,1255,1272,2311,216,1128,1183,127,89
0888,Wald (BE),580,601,1107,74,543,564,37,37
0889,Thurnen,913,996,1817,92,864,953,49,43
0767,Reutigen,499,491,940,50,472,468,27,23
0770,Stocken-Höfen,493,493,941,45,463,478,30,15
0863,Burgistein,525,538,1032,31,510,522,15,16
0867,Gurzelen,425,430,835,20,412,423,13,7
0883,Seftigen,1077,1134,2062,149,997,1065,80,69
0885,Uttigen,965,975,1855,85,911,944,54,31
0886,Wattenwil,1372,1493,2762,103,1312,1450,60,43
0921,Amsoldingen,394,415,783,26,379,404,15,11
0922,Blumenstein,622,600,1172,50,592,580,30,20
0923,Buchholterberg,766,780,1498,48,746,752,20,28
0924,Eriz,253,234,471,16,242,229,11,5
0925,Fahrni,402,390,771,21,392,379,10,11
0927,Heiligenschwendi,350,359,626,83,304,322,46,37
0928,Heimberg,3296,3371,5956,711,2928,3028,368,343
0929,Hilterfingen,1881,2175,3737,319,1737,2000,144,175
0931,Homberg,242,258,493,7,239,254,3,4
0932,Horrenbach-Buchen,134,108,239,3,131,108,3,0
0934,Oberhofen am Thunersee,1174,1246,2157,263,1039,1118,135,128
0935,Oberlangenegg,225,249,466,8,225,241,0,8
0936,Pohlern,131,121,243,9,126,117,5,4
0938,Sigriswil,2277,2450,4256,471,2035,2221,242,229
0939,Steffisburg,7602,8327,14261,1668,6763,7498,839,829
0940,Teuffenthal (BE),72,89,159,2,71,88,1,1
0941,Thierachern,1196,1218,2322,92,1154,1168,42,50
0942,Thun,20643,22857,37821,5679,17730,20091,2913,2766
0943,Uebeschi,341,332,662,11,336,326,5,6
0944,Uetendorf,2960,3038,5579,419,2738,2841,222,197
0945,Unterlangenegg,460,474,917,17,451,466,9,8
0946,Wachseldorn,118,117,226,9,116,110,2,7
0947,Zwieselberg,157,149,301,5,155,146,2,3
0948,Forst-Längenbühl,376,400,749,27,362,387,14,13
0791,Boltigen,650,638,1241,47,622,619,28,19
0792,Lenk,1192,1196,2065,323,1020,1045,172,151
0793,St. Stephan,697,643,1220,120,633,587,64,56
0794,Zweisimmen,1487,1500,2638,349,1304,1334,183,166
0841,Gsteig,493,483,817,159,412,405,81,78
0842,Lauenen,404,432,732,104,353,379,51,53
0843,Saanen,3478,3393,5043,1828,2511,2532,967,861
0561,Adelboden,1703,1734,3210,227,1577,1633,126,101
0562,Aeschi bei Spiez,1112,1105,2071,146,1025,1046,87,59
0563,Frutigen,3356,3501,6393,464,3124,3269,232,232
0564,Kandergrund,408,376,726,58,374,352,34,24
0565,Kandersteg,640,674,1040,274,505,535,135,139
0566,Krattigen,541,560,1024,77,497,527,44,33
0567,Reichenbach im Kandertal,1746,1803,3379,170,1663,1716,83,87
0761,Därstetten,413,432,805,40,399,406,14,26
0762,Diemtigen,1087,1075,2072,90,1039,1033,48,42
0763,Erlenbach im Simmental,823,881,1598,106,766,832,57,49
0766,Oberwil im Simmental,407,413,795,25,395,400,12,13
0768,Spiez,6086,6391,11292,1185,5475,5817,611,574
0769,Wimmis,1227,1191,2221,197,1124,1097,103,94
0571,Beatenberg,589,605,990,204,484,506,105,99
0572,Bönigen,1259,1263,2326,196,1161,1165,98,98
0573,Brienz (BE),1517,1584,2773,328,1346,1427,171,157
0574,Brienzwiler,240,237,442,35,225,217,15,20
0575,Därligen,196,211,363,44,173,190,23,21
0576,Grindelwald,1889,1851,3007,733,1502,1505,387,346
0577,Gsteigwiler,204,195,365,34,186,179,18,16
0578,Gündlischwand,168,173,292,49,148,144,20,29
0579,Habkern,326,318,589,55,299,290,27,28
0580,Hofstetten bei Brienz,285,257,499,43,258,241,27,16
0581,Interlaken,2763,2929,3970,1722,1850,2120,913,809
0582,Iseltwald,209,219,379,49,182,197,27,22
0584,Lauterbrunnen,1209,1242,1812,639,864,948,345,294
0585,Leissigen,510,510,928,92,460,468,50,42
0586,Lütschental,112,107,205,14,103,102,9,5
0587,Matten bei Interlaken,1883,2033,3218,698,1509,1709,374,324
0588,Niederried bei Interlaken,171,176,305,42,148,157,23,19
0589,Oberried am Brienzersee,222,225,399,48,199,200,23,25
0590,Ringgenberg (BE),1312,1346,2373,285,1172,1201,140,145
0591,Saxeten,56,41,96,1,55,41,1,0
0592,Schwanden bei Brienz,294,295,557,32,274,283,20,12
0593,Unterseen,2742,2948,4744,946,2244,2500,498,448
0594,Wilderswil,1281,1333,2279,335,1100,1179,181,154
0782,Guttannen,156,135,255,36,126,129,30,6
0783,Hasliberg,591,589,1014,166,499,515,92,74
0784,Innertkirchen,531,516,944,103,481,463,50,53
0785,Meiringen,2328,2409,3929,808,1910,2019,418,390
0786,Schattenhalb,281,297,504,74,249,255,32,42
1061,Luzern,38967,42328,61621,19674,28833,32788,10134,9540
1051,Adligenswil,2666,2682,4797,551,2394,2403,272,279
1052,Buchrain,3066,3066,4991,1141,2426,2565,640,501
1053,Dierikon,717,721,1189,249,580,609,137,112
1054,Ebikon,6490,6616,10355,2751,5036,5319,1454,1297
1055,Gisikon,609,580,964,225,491,473,118,107
1056,Greppen,524,512,874,162,437,437,87,75
1057,Honau,192,188,357,23,180,177,12,11
1058,Horw,6716,7072,11430,2358,5492,5938,1224,1134
1059,Kriens,13215,13831,22283,4763,10639,11644,2576,2187
1062,Malters,3522,3466,6184,804,3081,3103,441,363
1063,Meggen,3322,3531,5844,1009,2817,3027,505,504
1064,Meierskappel,689,663,1154,198,586,568,103,95
1065,Root,2397,2321,3557,1161,1792,1765,605,556
1066,Schwarzenberg,870,834,1589,115,800,789,70,45
1067,Udligenswil,1120,1158,2051,227,998,1053,122,105
1068,Vitznau,695,625,996,324,514,482,181,143
1069,Weggis,2133,2197,3338,992,1613,1725,520,472
1021,Aesch (LU),552,536,985,103,491,494,61,42
1023,Ballwil,1388,1360,2550,198,1275,1275,113,85
1024,Emmen,14879,14844,19756,9967,9525,10231,5354,4613
1025,Ermensee,461,431,781,111,403,378,58,53
1026,Eschenbach (LU),1838,1820,3267,391,1607,1660,231,160
1030,Hitzkirch,2798,2770,4759,809,2365,2394,433,376
1031,Hochdorf,4762,4963,7600,2125,3620,3980,1142,983
1032,Hohenrain,1313,1226,2348,191,1202,1146,111,80
1033,Inwil,1253,1174,2168,259,1102,1066,151,108
1037,Rain,1278,1263,2384,157,1192,1192,86,71
1039,Römerswil,859,847,1597,109,801,796,58,51
1040,Rothenburg,3655,3682,6664,673,3312,3352,343,330
1041,Schongau,539,473,952,60,506,446,33,27
1081,Beromünster,3243,3202,5624,821,2774,2850,469,352
1082,Büron,1209,1158,1758,609,866,892,343,266
1083,Buttisholz,1647,1607,2855,399,1425,1430,222,177
1084,Eich,844,840,1574,110,783,791,61,49
1085,Geuensee,1431,1412,2216,627,1101,1115,330,297
1086,Grosswangen,1595,1525,2748,372,1393,1355,202,170
1088,Hildisrieden,1085,1053,1963,175,988,975,97,78
1089,Knutwil,1091,1050,1931,210,969,962,122,88
1091,Mauensee,659,667,1201,125,595,606,64,61
1093,Neuenkirch,3363,3283,5952,694,2981,2971,382,312
1094,Nottwil,1809,1804,3208,405,1581,1627,228,177
1095,Oberkirch,2158,2158,3813,503,1878,1935,280,223
1097,Rickenbach (LU),1606,1588,2617,577,1282,1335,324,253
1098,Ruswil,3482,3360,6270,572,3141,3129,341,231
1099,Schenkon,1377,1370,2617,130,1315,1302,62,68
1100,Schlierbach,433,386,749,70,392,357,41,29
1102,Sempach,2082,2077,3832,327,1896,1936,186,141
1103,Sursee,4643,4847,7975,1515,3845,4130,798,717
1104,Triengen,2310,2201,3345,1166,1680,1665,630,536
1121,Alberswil,341,315,570,86,291,279,50,36
1122,Altbüron,511,475,911,75,475,436,36,39
1123,Altishofen,1008,948,1665,291,842,823,166,125
1125,Dagmersellen,2676,2558,4456,778,2249,2207,427,351
1127,Egolzwil,722,698,1281,139,657,624,65,74
1128,Ettiswil,1316,1333,2408,241,1185,1223,131,110
1129,Fischbach,377,349,655,71,336,319,41,30
1131,Grossdietwil,425,406,767,64,385,382,40,24
1132,Hergiswil bei Willisau,965,922,1754,133,885,869,80,53
1135,Luthern,673,616,1219,70,637,582,36,34
1136,Menznau,1502,1382,2616,268,1348,1268,154,114
1137,Nebikon,1288,1277,1873,692,931,942,357,335
1139,Pfaffnau,1295,1234,2193,336,1109,1084,186,150
1140,Reiden,3569,3407,5390,1586,2686,2704,883,703
1142,Roggliswil,337,324,618,43,312,306,25,18
1143,Schötz,2102,2083,3458,727,1711,1747,391,336
1145,Ufhusen,472,420,832,60,428,404,44,16
1146,Wauwil,992,986,1496,482,738,758,254,228
1147,Wikon,739,738,1252,225,601,651,138,87
1150,Zell (LU),1010,987,1766,231,872,894,138,93
1151,Willisau,4447,4369,7804,1012,3910,3894,537,475
1001,Doppleschwand,393,357,714,36,377,337,16,20
1002,Entlebuch,1733,1616,3106,243,1596,1510,137,106
1004,Flühli,975,907,1548,334,824,724,151,183
1005,Hasle (LU),913,835,1649,99,863,786,50,49
1007,Romoos,345,331,657,19,334,323,11,8
1008,Schüpfheim,2051,2103,3813,341,1874,1939,177,164
1009,Werthenstein,1042,1002,1763,281,886,877,156,125
1010,Escholzmatt-Marbach,2203,2123,4065,261,2058,2007,145,116
1107,Wolhusen,2218,2101,3571,748,1794,1777,424,324
1201,Altdorf (UR),4533,4670,7887,1316,3821,4066,712,604
1202,Andermatt,737,650,1090,297,547,543,190,107
1203,Attinghausen,819,804,1523,100,766,757,53,47
1205,Bürglen (UR),2029,1965,3743,251,1902,1841,127,124
1206,Erstfeld,1945,1829,3045,729,1518,1527,427,302
1207,Flüelen,1004,968,1719,253,874,845,130,123
1208,Göschenen,225,213,366,72,178,188,47,25
1209,Gurtnellen,300,277,516,61,265,251,35,26
1210,Hospental,109,93,163,39,82,81,27,12
1211,Isenthal,269,243,505,7,264,241,5,2
1212,Realp,72,69,131,10,65,66,7,3
1213,Schattdorf,2598,2443,4627,414,2357,2270,241,173
1214,Seedorf (UR),995,970,1859,106,930,929,65,41
1215,Seelisberg,339,349,578,110,292,286,47,63
1216,Silenen,1135,973,1890,218,963,927,172,46
1217,Sisikon,205,173,318,60,170,148,35,25
1218,Spiringen,442,404,834,12,434,400,8,4
1219,Unterschächen,369,327,688,8,365,323,4,4
1220,Wassen,223,205,358,70,182,176,41,29
1301,Einsiedeln,7588,7489,12832,2245,6418,6414,1170,1075
1311,Gersau,1168,1072,1781,459,902,879,266,193
1321,Feusisberg,2799,2347,3828,1318,2024,1804,775,543
1322,Freienbach,8520,7517,11697,4340,6117,5580,2403,1937
1323,Wollerau,3742,3306,5463,1585,2865,2598,877,708
1331,Küssnacht (SZ),6340,6083,9800,2623,4906,4894,1434,1189
1341,Altendorf,3487,3257,5346,1398,2704,2642,783,615
1342,Galgenen,2617,2524,4148,993,2093,2055,524,469
1343,Innerthal,94,99,185,8,90,95,4,4
1344,Lachen,4235,4245,5937,2543,2898,3039,1337,1206
1345,Reichenburg,1789,1629,2661,757,1379,1282,410,347
1346,Schübelbach,4555,4461,6521,2495,3197,3324,1358,1137
1347,Tuggen,1629,1585,2742,472,1385,1357,244,228
1348,Vorderthal,553,461,924,90,501,423,52,38
1349,Wangen (SZ),2448,2436,4173,711,2065,2108,383,328
1361,Alpthal,307,290,544,53,279,265,28,25
1362,Arth,5874,5723,8494,3103,4220,4274,1654,1449
1363,Illgau,404,388,771,21,393,378,11,10
1364,Ingenbohl,4201,4494,6978,1717,3334,3644,867,850
1365,Lauerz,572,524,1001,95,517,484,55,40
1366,Morschach,596,528,911,213,475,436,121,92
1367,Muotathal,1817,1682,3316,183,1713,1603,104,79
1368,Oberiberg,477,401,781,97,414,367,63,34
1369,Riemenstalden,43,46,84,5,41,43,2,3
1370,Rothenthurm,1162,1140,1976,326,993,983,169,157
1371,Sattel,1012,919,1685,246,886,799,126,120
1372,Schwyz,7481,7375,12286,2570,6090,6196,1391,1179
1373,Steinen,1658,1654,3045,267,1503,1542,155,112
1374,Steinerberg,478,442,846,74,440,406,38,36
1375,Unteriberg,1179,1151,2165,165,1091,1074,88,77
1401,Alpnach,3051,2857,4992,916,2535,2457,516,400
1402,Engelberg,2100,1997,3024,1073,1520,1504,580,493
1403,Giswil,1842,1744,3200,386,1627,1573,215,171
1404,Kerns,3056,2992,5466,582,2727,2739,329,253
1405,Lungern,1087,1055,1877,265,927,950,160,105
1406,Sachseln,2515,2551,4428,638,2164,2264,351,287
1407,Sarnen,5150,5079,8729,1500,4324,4405,826,674
1501,Beckenried,1806,1738,3099,445,1580,1519,226,219
1502,Buochs,2776,2657,4597,836,2320,2277,456,380
1503,Dallenwil,929,868,1649,148,851,798,78,70
1504,Emmetten,745,635,1120,260,595,525,150,110
1505,Ennetbürgen,2330,2270,3975,625,1995,1980,335,290
1506,Ennetmoos,1085,1015,1888,212,966,922,119,93
1507,Hergiswil (NW),2972,2673,4490,1155,2305,2185,667,488
1508,Oberdorf (NW),1569,1531,2878,222,1445,1433,124,98
1509,Stans,4145,4132,7198,1079,3552,3646,593,486
1510,Stansstad,2231,2165,3703,693,1843,1860,388,305
1511,Wolfenschiessen,1117,1031,1917,231,997,920,120,111
1630,Glarus Nord,8995,8802,13596,4201,6689,6907,2306,1895
1631,Glarus Süd,4965,4696,7912,1749,3898,4014,1067,682
1632,Glarus,6349,6221,9213,3357,4506,4707,1843,1514
1701,Baar,11892,11669,16751,6810,8211,8540,3681,3129
1702,Cham,8000,7954,12027,3927,5900,6127,2100,1827
1703,Hünenberg,4490,4358,7370,1478,3717,3653,773,705
1704,Menzingen,2196,2243,3579,860,1732,1847,464,396
1705,Neuheim,1164,990,1684,470,883,801,281,189
1706,Oberägeri,2967,2973,4362,1578,2122,2240,845,733
1707,Risch,5344,4928,7540,2732,3867,3673,1477,1255
1708,Steinhausen,4758,4785,7296,2247,3566,3730,1192,1055
1709,Unterägeri,4295,4288,6462,2121,3135,3327,1160,961
1710,Walchwil,1854,1730,2386,1198,1218,1168,636,562
1711,Zug,14748,14508,19700,9556,9613,10087,5135,4421
2008,Châtillon (FR),223,224,422,25,212,210,11,14
2011,Cugy (FR),804,829,1375,258,663,712,141,117
2016,Fétigny,487,475,827,135,408,419,79,56
2022,Gletterens,502,502,865,139,434,431,68,71
2025,Lully (FR),545,579,940,184,450,490,95,89
2027,Ménières,210,204,357,57,179,178,31,26
2029,Montagny (FR),1150,1204,2077,277,1009,1068,141,136
2035,Nuvilly,208,200,365,43,186,179,22,21
2038,Prévondavaux,39,26,53,12,34,19,5,7
2041,Saint-Aubin (FR),837,822,1311,348,652,659,185,163
2043,Sévaz,136,134,205,65,98,107,38,27
2044,Surpierre,551,532,959,124,477,482,74,50
2045,Vallon,206,198,353,51,173,180,33,18
2050,Les Montets,723,682,1182,223,609,573,114,109
2051,Delley-Portalban,548,518,935,131,475,460,73,58
2053,Belmont-Broye,2620,2486,3927,1179,1991,1936,629,550
2054,Estavayer,4585,4677,7180,2082,3473,3707,1112,970
2055,Cheyres-Châbles,1097,1083,1894,286,941,953,156,130
2061,Auboranges,137,135,248,24,123,125,14,10
2063,Billens-Hennens,347,340,594,93,295,299,52,41
2066,Chapelle (Glâne),128,131,233,26,115,118,13,13
2067,Le Châtelard,191,186,358,19,182,176,9,10
2068,Châtonnaye,397,389,703,83,355,348,42,41
2072,Ecublens (FR),158,174,304,28,143,161,15,13
2079,Grangettes,97,94,176,15,87,89,10,5
2086,Massonnens,269,247,432,84,223,209,46,38
2087,Mézières (FR),500,495,851,144,423,428,77,67
2089,Montet (Glâne),207,185,345,47,177,168,30,17
2096,Romont (FR),2603,2590,3098,2095,1494,1604,1109,986
2097,Rue,723,750,1281,192,630,651,93,99
2099,Siviriez,1113,1130,1925,318,946,979,167,151
2102,Ursy,1476,1460,2502,434,1255,1247,221,213
2113,Vuisternens-devant-Romont,1117,1134,2062,189,1020,1042,97,92
2114,Villorsonnens,652,652,1198,106,595,603,57,49
2115,Torny,453,432,793,92,401,392,52,40
2117,Villaz,1121,1065,1891,295,963,928,158,137
2121,Haut-Intyamon,770,753,1245,278,629,616,141,137
2122,Pont-en-Ogoz,901,874,1590,185,799,791,102,83
2123,Botterens,270,276,479,67,242,237,28,39
2124,Broc,1265,1241,1736,770,830,906,435,335
2125,Bulle,10857,11134,13583,8408,6362,7221,4495,3913
2128,Châtel-sur-Montsalvens,150,124,201,73,106,95,44,29
2129,Corbières,418,421,732,107,368,364,50,57
2130,Crésuz,176,155,273,58,141,132,35,23
2131,Echarlens,405,409,700,114,336,364,69,45
2134,Grandvillard,401,394,698,97,346,352,55,42
2135,Gruyères,1097,1056,1720,433,841,879,256,177
2137,Hauteville,321,322,576,67,286,290,35,32
2138,Jaun,350,312,640,22,339,301,11,11
2140,Marsens,913,896,1519,290,761,758,152,138
2143,Morlon,291,301,522,70,254,268,37,33
2145,Le Pâquier (FR),563,579,963,179,460,503,103,76
2147,Pont-la-Ville,306,284,519,71,265,254,41,30
2148,Riaz,1180,1196,1960,416,939,1021,241,175
2149,La Roche,812,801,1346,267,675,671,137,130
2152,Sâles,713,734,1320,127,644,676,69,58
2153,Sorens,563,535,955,143,487,468,76,67
2155,Vaulruz,508,524,899,133,437,462,71,62
2160,Vuadens,1140,1142,1923,359,936,987,204,155
2162,Bas-Intyamon,648,643,1063,228,533,530,115,113
2163,Val-de-Charmey,1210,1206,2009,407,993,1016,217,190
2173,Autigny,400,403,689,114,338,351,62,52
2174,Avry,910,964,1520,354,728,792,182,172
2175,Belfaux,1640,1648,2365,923,1151,1214,489,434
2177,Chénens,422,432,687,167,331,356,91,76
2183,Corminboeuf,1256,1199,2209,246,1119,1090,137,109
2186,Cottens (FR),749,741,1226,264,608,618,141,123
2194,Ferpicloz,135,150,252,33,122,130,13,20
2196,Fribourg,19084,19405,24121,14368,11446,12675,7638,6730
2197,Givisiez,1564,1561,2040,1085,977,1063,587,498
2198,Granges-Paccot,1690,1668,2301,1057,1114,1187,576,481
2200,Grolley,958,942,1503,397,754,749,204,193
2206,Marly,3889,4194,5798,2285,2716,3082,1173,1112
2208,Matran,749,790,1271,268,616,655,133,135
2211,Neyruz (FR),1308,1264,2142,430,1068,1074,240,190
2216,Pierrafortscha,69,70,125,14,63,62,6,8
2217,Ponthaux,343,343,646,40,317,329,26,14
2220,Le Mouret,1562,1511,2668,405,1351,1317,211,194
2226,Treyvaux,733,709,1275,167,636,639,97,70
2228,Villars-sur-Glâne,5954,6188,8081,4061,3789,4292,2165,1896
2230,Villarsel-sur-Marly,46,40,65,21,32,33,14,7
2233,Hauterive (FR),1233,1182,2093,322,1065,1028,168,154
2234,La Brillaz,972,926,1687,211,868,819,104,107
2235,La Sonnaz,535,543,940,138,460,480,75,63
2236,Gibloux,3583,3556,6112,1027,3029,3083,554,473
2237,Prez,1009,1034,1803,240,882,921,127,113
2238,Bois-d'Amont,1078,1054,1866,266,940,926,138,128
2250,Courgevaux,732,696,1031,397,521,510,211,186
2254,Courtepin,2684,2582,3364,1902,1666,1698,1018,884
2257,Cressier (FR),475,457,709,223,359,350,116,107
2258,Fräschels,245,215,423,37,228,195,17,20
2261,Greng,85,92,160,17,73,87,12,5
2262,Gurmels,2090,2052,3779,363,1902,1877,188,175
2265,Kerzers,2398,2450,3643,1205,1772,1871,626,579
2266,Kleinbösingen,299,303,573,29,283,290,16,13
2271,Meyriez,288,304,550,42,264,286,24,18
2272,Misery-Courtion,956,879,1430,405,719,711,237,168
2274,Muntelier,479,476,886,69,441,445,38,31
2275,Murten,4463,4658,7429,1692,3566,3863,897,795
2276,Ried bei Kerzers,581,514,881,214,439,442,142,72
2278,Ulmiz,210,204,396,18,199,197,11,7
2284,Mont-Vully,1778,1717,2894,601,1453,1441,325,276
2292,Brünisried,332,327,638,21,321,317,11,10
2293,Düdingen,3911,3883,6831,963,3383,3448,528,435
2294,Giffers,766,769,1417,118,702,715,64,54
2295,Bösingen,1704,1677,3090,291,1538,1552,166,125
2296,Heitenried,716,657,1336,37,690,646,26,11
2299,Plaffeien,1815,1749,3294,270,1656,1638,159,111
2300,Plasselb,524,497,929,92,467,462,57,35
2301,Rechthalten,533,540,1046,27,518,528,15,12
2303,St. Silvester,480,483,913,50,453,460,27,23
2304,St. Ursen,650,655,1207,98,603,604,47,51
2305,Schmitten (FR),2071,1969,3603,437,1836,1767,235,202
2306,Tafers,3680,3667,6630,717,3315,3315,365,352
2307,Tentlingen,665,664,1185,144,593,592,72,72
2308,Ueberstorf,1189,1168,2277,80,1148,1129,41,39
2309,Wünnewil-Flamatt,2748,2707,4395,1060,2179,2216,569,491
2321,Attalens,1639,1656,2786,509,1384,1402,255,254
2323,Bossonnens,736,758,1167,327,559,608,177,150
2325,Châtel-Saint-Denis,3252,3203,4672,1783,2288,2384,964,819
2328,Granges (Veveyse),420,414,719,115,350,369,70,45
2333,Remaufens,516,528,865,179,425,440,91,88
2335,Saint-Martin (FR),527,507,911,123,461,450,66,57
2336,Semsales,709,705,1223,191,599,624,110,81
2337,Le Flon,584,591,1074,101,537,537,47,54
2338,La Verrerie,566,589,996,159,489,507,77,82
2401,Egerkingen,1733,1714,2478,969,1208,1270,525,444
2402,Härkingen,790,743,1279,254,652,627,138,116
2403,Kestenholz,904,866,1661,109,842,819,62,47
2404,Neuendorf,1031,1025,1863,193,915,948,116,77
2405,Niederbuchsiten,570,552,970,152,488,482,82,70
2406,Oberbuchsiten,1097,1089,1662,524,788,874,309,215
2407,Oensingen,3162,3041,4264,1939,2131,2133,1031,908
2408,Wolfwil,1011,1070,1884,197,912,972,99,98
2421,Aedermannsdorf,301,248,525,24,287,238,14,10
2422,Balsthal,3068,2951,4105,1914,2038,2067,1030,884
2424,Herbetswil,285,248,485,48,257,228,28,20
2425,Holderbank (SO),327,308,564,71,280,284,47,24
2426,Laupersdorf,878,856,1554,180,779,775,99,81
2427,Matzendorf,649,643,1195,97,597,598,52,45
2428,Mümliswil-Ramiswil,1276,1168,2194,250,1134,1060,142,108
2430,Welschenrohr-Gänsbrunnen,635,584,1080,139,550,530,85,54
2445,Biezwil,167,156,302,21,152,150,15,6
2455,Lüterkofen-Ichertswil,367,395,707,55,338,369,29,26
2456,Lüterswil-Gächliwil,155,160,299,16,144,155,11,5
2457,Messen,749,712,1399,62,713,686,36,26
2461,Schnottwil,524,539,1005,58,487,518,37,21
2463,Unterramsern,95,108,196,7,93,103,2,5
2464,Lüsslingen-Nennigkofen,531,526,909,148,459,450,72,76
2465,Buchegg,1230,1277,2383,124,1157,1226,73,51
2471,Bättwil,604,591,1011,184,510,501,94,90
2472,Büren (SO),484,512,858,138,416,442,68,70
2473,Dornach,3125,3413,4904,1634,2300,2604,825,809
2474,Gempen,440,449,706,183,343,363,97,86
2475,Hochwald,631,662,1160,133,562,598,69,64
2476,Hofstetten-Flüh,1557,1605,2618,544,1272,1346,285,259
2477,Metzerlen-Mariastein,471,439,815,95,415,400,56,39
2478,Nuglar-St. Pantaleon,731,751,1349,133,663,686,68,65
2479,Rodersdorf,630,702,1189,143,555,634,75,68
2480,Seewen,509,513,925,97,461,464,48,49
2481,Witterswil,751,743,1224,270,605,619,146,124
2491,Hauenstein-Ifenthal,166,148,285,29,149,136,17,12
2492,Kienberg,274,247,477,44,243,234,31,13
2493,Lostorf,1951,1975,3496,430,1720,1776,231,199
2495,Niedergösgen,1882,1876,2700,1058,1306,1394,576,482
2497,Obergösgen,1092,1125,1659,558,786,873,306,252
2499,Stüsslingen,585,584,1070,99,529,541,56,43
2500,Trimbach,3221,3284,4136,2369,1970,2166,1251,1118
2501,Winznau,918,902,1536,284,762,774,156,128
2502,Wisen (SO),203,201,373,31,189,184,14,17
2503,Erlinsbach (SO),1652,1745,2857,540,1361,1496,291,249
2511,Aeschi (SO),632,584,1151,65,592,559,40,25
2513,Biberist,4011,4212,6352,1871,3023,3329,988,883
2514,Bolken,292,279,540,31,276,264,16,15
2516,Deitingen,1111,1104,2006,209,1002,1004,109,100
2517,Derendingen,3153,3166,4486,1833,2138,2348,1015,818
2518,Etziken,383,404,731,56,353,378,30,26
2519,Gerlafingen,2477,2511,3126,1862,1485,1641,992,870
2520,Halten,435,438,803,70,395,408,40,30
2523,Horriwil,441,424,828,37,424,404,17,20
2524,Hüniken,49,45,93,1,49,44,0,1
2525,Kriegstetten,635,639,1145,129,564,581,71,58
2526,Lohn-Ammannsegg,1333,1373,2472,234,1210,1262,123,111
2527,Luterbach,1692,1745,2876,561,1388,1488,304,257
2528,Obergerlafingen,567,544,1026,85,520,506,47,38
2529,Oekingen,401,406,745,62,372,373,29,33
2530,Recherswil,893,933,1655,171,801,854,92,79
2532,Subingen,1515,1553,2524,544,1236,1288,279,265
2534,Zuchwil,4375,4369,5091,3653,2464,2627,1911,1742
2535,Drei Höfe,372,370,706,36,356,350,16,20
2541,Balm bei Günsberg,115,87,186,16,103,83,12,4
2542,Bellach,2601,2610,3795,1416,1878,1917,723,693
2543,Bettlach,2457,2416,4045,828,1996,2049,461,367
2544,Feldbrunnen-St. Niklaus,490,484,883,91,443,440,47,44
2545,Flumenthal,481,478,864,95,426,438,55,40
2546,Grenchen,8258,8483,11126,5615,5285,5841,2973,2642
2547,Günsberg,569,583,1052,100,518,534,51,49
2548,Hubersdorf,362,363,684,41,337,347,25,16
2549,Kammersrohr,18,15,31,2,16,15,2,0
2550,Langendorf,1809,1940,3215,534,1531,1684,278,256
2551,Lommiswil,737,742,1386,93,692,694,45,48
2553,Oberdorf (SO),797,857,1534,120,737,797,60,60
2554,Riedholz,1146,1143,2040,249,1011,1029,135,114
2555,Rüttenen,729,778,1401,106,685,716,44,62
2556,Selzach,1658,1643,2829,472,1398,1431,260,212
2571,Boningen,369,366,666,69,336,330,33,36
2572,Däniken,1451,1318,2253,516,1158,1095,293,223
2573,Dulliken,2427,2470,2792,2105,1321,1471,1106,999
2574,Eppenberg-Wöschnau,161,156,217,100,105,112,56,44
2575,Fulenbach,881,845,1541,185,780,761,101,84
2576,Gretzenbach,1333,1310,2075,568,1021,1054,312,256
2578,Gunzgen,843,812,1449,206,727,722,116,90
2579,Hägendorf,2434,2432,3790,1076,1842,1948,592,484
2580,Kappel (SO),1521,1566,2520,567,1216,1304,305,262
2581,Olten,8738,9095,12712,5121,6117,6595,2621,2500
2582,Rickenbach (SO),438,402,738,102,383,355,55,47
2583,Schönenwerd,2420,2453,3065,1808,1457,1608,963,845
2584,Starrkirch-Wil,852,848,1473,227,727,746,125,102
2585,Walterswil (SO),355,337,640,52,324,316,31,21
2586,Wangen bei Olten,2509,2579,3982,1106,1908,2074,601,505
2601,Solothurn,8079,8642,13242,3479,6293,6949,1786,1693
2611,Bärschwil,416,396,749,63,372,377,44,19
2612,Beinwil (SO),137,128,248,17,128,120,9,8
2613,Breitenbach,1858,1896,2795,959,1354,1441,504,455
2614,Büsserach,1107,1095,1939,263,959,980,148,115
2615,Erschwil,450,453,819,84,403,416,47,37
2616,Fehren,301,309,585,25,285,300,16,9
2617,Grindel,240,246,441,45,217,224,23,22
2618,Himmelried,479,451,817,113,416,401,63,50
2619,Kleinlützel,610,648,1144,114,545,599,65,49
2620,Meltingen,340,324,624,40,323,301,17,23
2621,Nunningen,957,924,1734,147,871,863,86,61
2622,Zullwil,327,311,567,71,293,274,34,37
2701,Basel,82249,87667,107819,62097,49955,57864,32294,29803
2702,Bettingen,567,591,867,291,417,450,150,141
2703,Riehen,9698,11045,15679,5064,7165,8514,2533,2531
2761,Aesch (BL),4971,5202,7771,2402,3688,4083,1283,1119
2762,Allschwil,9856,10608,15162,5302,7124,8038,2732,2570
2763,Arlesheim,4242,4981,7345,1878,3299,4046,943,935
2764,Biel-Benken,1685,1723,2937,471,1437,1500,248,223
2765,Binningen,7259,7862,11497,3624,5421,6076,1838,1786
2766,Birsfelden,5057,5299,7469,2887,3529,3940,1528,1359
2767,Bottmingen,3094,3347,4904,1537,2336,2568,758,779
2768,Ettingen,2463,2515,4169,809,2032,2137,431,378
2769,Münchenstein,5806,6095,8980,2921,4273,4707,1533,1388
2770,Muttenz,8542,9068,14134,3476,6744,7390,1798,1678
2771,Oberwil (BL),5322,5783,8665,2440,4099,4566,1223,1217
2772,Pfeffingen,1185,1177,2037,325,1014,1023,171,154
2773,Reinach (BL),9068,9787,14751,4104,6930,7821,2138,1966
2774,Schönenbuch,681,693,1210,164,599,611,82,82
2775,Therwil,4854,5153,8283,1724,3971,4312,883,841
2781,Blauen,348,347,637,58,315,322,33,25
2782,Brislach,821,788,1452,157,729,723,92,65
2783,Burg im Leimental,120,143,245,18,111,134,9,9
2784,Dittingen,355,374,630,99,298,332,57,42
2785,Duggingen,775,735,1227,283,612,615,163,120
2786,Grellingen,930,910,1336,504,670,666,260,244
2787,Laufen,2716,2828,4148,1396,1974,2174,742,654
2788,Liesberg,593,574,1035,132,518,517,75,57
2789,Nenzlingen,213,207,380,40,189,191,24,16
2790,Roggenburg,148,132,256,24,136,120,12,12
2791,Röschenz,947,898,1674,171,855,819,92,79
2792,Wahlen,715,695,1258,152,631,627,84,68
2793,Zwingen,1162,1099,1734,527,865,869,297,230
2821,Arisdorf,805,854,1492,167,717,775,88,79
2822,Augst,488,459,755,192,371,384,117,75
2823,Bubendorf,2195,2183,3763,615,1859,1904,336,279
2824,Frenkendorf,3246,3244,4427,2063,2153,2274,1093,970
2825,Füllinsdorf,2147,2238,3156,1229,1480,1676,667,562
2826,Giebenach,527,509,820,216,404,416,123,93
2827,Hersberg,168,160,289,39,150,139,18,21
2828,Lausen,2438,2576,3632,1382,1721,1911,717,665
2829,Liestal,7004,7075,10319,3760,5006,5313,1998,1762
2830,Lupsingen,682,733,1282,133,615,667,67,66
2831,Pratteln,7922,7976,9498,6400,4533,4965,3389,3011
2832,Ramlinsburg,345,354,621,78,305,316,40,38
2833,Seltisberg,625,683,1217,91,575,642,50,41
2834,Ziefen,749,793,1386,156,677,709,72,84
2841,Anwil,289,294,545,38,268,277,21,17
2842,Böckten,407,382,699,90,354,345,53,37
2843,Buckten,354,339,572,121,283,289,71,50
2844,Buus,509,490,928,71,475,453,34,37
2845,Diepflingen,347,372,638,81,300,338,47,34
2846,Gelterkinden,2941,3054,4875,1120,2326,2549,615,505
2847,Häfelfingen,138,134,246,26,123,123,15,11
2848,Hemmiken,132,139,252,19,119,133,13,6
2849,Itingen,1038,1019,1664,393,812,852,226,167
2850,Känerkinden,264,256,481,39,243,238,21,18
2851,Kilchberg (BL),77,77,149,5,73,76,4,1
2852,Läufelfingen,670,632,1151,151,585,566,85,66
2853,Maisprach,458,485,820,123,396,424,62,61
2854,Nusshof,134,125,231,28,121,110,13,15
2855,Oltingen,228,252,448,32,212,236,16,16
2856,Ormalingen,1043,1071,1851,263,898,953,145,118
2857,Rickenbach (BL),313,284,545,52,283,262,30,22
2858,Rothenfluh,382,394,725,51,356,369,26,25
2859,Rümlingen,199,187,293,93,150,143,49,44
2860,Rünenberg,392,384,731,45,362,369,30,15
2861,Sissach,3255,3369,5528,1096,2672,2856,583,513
2862,Tecknau,430,432,610,252,300,310,130,122
2863,Tenniken,426,468,806,88,375,431,51,37
2864,Thürnen,717,682,1111,288,555,556,162,126
2865,Wenslingen,368,362,684,46,345,339,23,23
2866,Wintersingen,304,309,561,52,279,282,25,27
2867,Wittinsburg,211,218,406,23,200,206,11,12
2868,Zeglingen,244,237,454,27,227,227,17,10
2869,Zunzgen,1244,1264,2060,448,1006,1054,238,210
2881,Arboldswil,287,281,530,38,264,266,23,15
2882,Bennwil,341,305,608,38,320,288,21,17
2883,Bretzwil,397,382,723,56,373,350,24,32
2884,Diegten,799,819,1450,168,714,736,85,83
2885,Eptingen,273,259,480,52,244,236,29,23
2886,Hölstein,1218,1197,2032,383,1003,1029,215,168
2887,Lampenberg,245,246,468,23,231,237,14,9
2888,Langenbruck,529,463,799,193,395,404,134,59
2889,Lauwil,159,168,306,21,147,159,12,9
2890,Liedertswil,85,75,153,7,79,74,6,1
2891,Niederdorf,886,903,1387,402,672,715,214,188
2892,Oberdorf (BL),1221,1178,1882,517,940,942,281,236
2893,Reigoldswil,803,794,1426,171,710,716,93,78
2894,Titterten,202,206,379,29,187,192,15,14
2895,Waldenburg,580,576,819,337,399,420,181,156
2901,Gächlingen,417,407,757,67,378,379,39,28
2903,Löhningen,696,691,1215,172,611,604,85,87
2904,Neunkirch,1061,1025,1707,379,849,858,212,167
2914,Büttenhardt,173,173,314,32,158,156,15,17
2915,Dörflingen,482,490,788,184,383,405,99,85
2917,Lohn (SH),371,386,680,77,333,347,38,39
2919,Stetten (SH),663,665,1071,257,519,552,144,113
2920,Thayngen,2655,2638,4177,1116,2065,2112,590,526
2931,Bargen (SH),163,128,218,73,119,99,44,29
2932,Beringen,2285,2256,3568,973,1749,1819,536,437
2933,Buchberg,423,401,740,84,375,365,48,36
2936,Merishausen,431,434,746,119,375,371,56,63
2937,Neuhausen am Rheinfall,5134,5182,6219,4097,2950,3269,2184,1913
2938,Rüdlingen,364,372,671,65,328,343,36,29
2939,Schaffhausen,17431,18517,25915,10033,12175,13740,5256,4777
2951,Beggingen,247,234,449,32,226,223,21,11
2952,Schleitheim,870,824,1460,234,728,732,142,92
2953,Siblingen,418,416,731,103,367,364,51,52
2961,Buch (SH),165,151,216,100,111,105,54,46
2962,Hemishofen,234,226,375,85,186,189,48,37
2963,Ramsen,685,686,1037,334,500,537,185,149
2964,Stein am Rhein,1628,1715,2545,798,1211,1334,417,381
2971,Hallau,1008,1064,1715,357,820,895,188,169
2972,Oberhallau,229,210,417,22,217,200,12,10
2973,Trasadingen,309,292,453,148,228,225,81,67
2974,Wilchingen,849,862,1480,231,724,756,125,106
3001,Herisau,7914,7807,12404,3317,6117,6287,1797,1520
3002,Hundwil,499,463,916,46,475,441,24,22
3003,Schönengrund,258,266,488,36,241,247,17,19
3004,Schwellbrunn,785,746,1411,120,718,693,67,53
3005,Stein (AR),715,691,1320,86,667,653,48,38
3006,Urnäsch,1141,1106,2003,244,1008,995,133,111
3007,Waldstatt,913,870,1553,230,775,778,138,92
3021,Bühler,872,833,1281,424,635,646,237,187
3022,Gais,1554,1519,2663,410,1321,1342,233,177
3023,Speicher,2072,2143,3744,471,1832,1912,240,231
3024,Teufen (AR),3064,3101,5438,727,2684,2754,380,347
3025,Trogen,862,842,1529,175,765,764,97,78
3031,Grub (AR),523,485,887,121,456,431,67,54
3032,Heiden,2068,2083,3326,825,1616,1710,452,373
3033,Lutzenberg,649,605,1034,220,525,509,124,96
3034,Rehetobel,854,875,1540,189,750,790,104,85
3035,Reute (AR),362,330,582,110,297,285,65,45
3036,Wald (AR),433,411,775,69,397,378,36,33
3037,Walzenhausen,1065,989,1607,447,812,795,253,194
3038,Wolfhalden,903,872,1484,291,738,746,165,126
3101,Appenzell,2983,2839,4726,1096,2379,2347,604,492
3102,Gonten,740,702,1384,58,707,677,33,25
3104,Schlatt-Haslen,591,519,1080,30,575,505,16,14
3111,Oberegg,970,946,1765,151,893,872,77,74
3112,Schwende-Rüte,2912,2772,5285,399,2674,2611,238,161
3201,Häggenschwil,620,644,1156,108,560,596,60,48
3202,Muolen,605,600,1119,86,552,567,53,33
3203,St. Gallen,36809,38729,52572,22966,24620,27952,12189,10777
3204,Wittenbach,4687,4965,7260,2392,3427,3833,1260,1132
3212,Eggersriet,1116,1146,2062,200,1014,1048,102,98
3441,Andwil (SG),928,971,1767,132,854,913,74,58
3442,Gaiserwald,4137,4241,7199,1179,3517,3682,620,559
3443,Gossau (SG),8960,9045,14404,3601,7007,7397,1953,1648
3444,Waldkirch,1782,1737,3242,277,1637,1605,145,132
3211,Berg (SG),421,419,773,67,384,389,37,30
3213,Goldach,4417,4693,6951,2159,3267,3684,1150,1009
3214,Mörschwil,1778,1783,3246,315,1616,1630,162,153
3215,Rorschach,4658,4556,4826,4388,2275,2551,2383,2005
3216,Rorschacherberg,3596,3618,5174,2040,2513,2661,1083,957
3217,Steinach,1781,1738,2698,821,1307,1391,474,347
3218,Tübach,673,664,1186,151,584,602,89,62
3219,Untereggen,545,500,971,74,503,468,42,32
3237,Thal,3294,3132,4964,1462,2446,2518,848,614
3231,Au (SG),3707,3671,4777,2601,2318,2459,1389,1212
3232,Balgach,2234,2264,3479,1019,1685,1794,549,470
3233,Berneck,1970,1967,3179,758,1567,1612,403,355
3234,Diepoldsau,3248,3099,4861,1486,2376,2485,872,614
3235,Rheineck,1675,1636,2179,1132,1055,1124,620,512
3236,St. Margrethen,2960,2832,3007,2785,1443,1564,1517,1268
3238,Widnau,4769,4560,6747,2582,3390,3357,1379,1203
3251,Altstätten,5641,5717,8368,2990,4022,4346,1619,1371
3252,Eichberg,770,769,1300,239,637,663,133,106
3253,Marbach (SG),1071,1066,1736,401,854,882,217,184
3254,Oberriet (SG),4502,4217,7367,1352,3775,3592,727,625
3255,Rebstein,2264,2198,3061,1401,1521,1540,743,658
3256,Rüthi (SG),1190,1066,1770,486,902,868,288,198
3271,Buchs (SG),6253,6161,7773,4641,3707,4066,2546,2095
3272,Gams,1688,1608,2638,658,1345,1293,343,315
3273,Grabs,3486,3443,5720,1209,2839,2881,647,562
3274,Sennwald,2755,2501,3722,1534,1869,1853,886,648
3275,Sevelen,2508,2320,3026,1802,1506,1520,1002,800
3276,Wartau,2682,2549,3735,1496,1864,1871,818,678
3291,Bad Ragaz,2882,2857,4134,1605,1998,2136,884,721
3292,Flums,2471,2398,3758,1111,1849,1909,622,489
3293,Mels,4347,4273,7206,1414,3590,3616,757,657
3294,Pfäfers,830,743,1376,197,709,667,121,76
3295,Quarten,1407,1439,2366,480,1147,1219,260,220
3296,Sargans,2970,3056,4505,1521,2174,2331,796,725
3297,Vilters-Wangs,2300,2349,3979,670,1918,2061,382,288
3298,Walenstadt,2728,2792,4463,1057,2183,2280,545,512
3311,Amden,872,901,1580,193,767,813,105,88
3312,Benken (SG),1471,1444,2609,306,1291,1318,180,126
3313,Kaltbrunn,2483,2305,3843,945,1947,1896,536,409
3315,Schänis,1891,1871,3300,462,1656,1644,235,227
3316,Weesen,768,827,1370,225,648,722,120,105
3338,Schmerikon,1820,1848,2765,903,1366,1399,454,449
3339,Uznach,3077,3218,4612,1683,2195,2417,882,801
3340,Rapperswil-Jona,13180,13695,21987,4888,10595,11392,2585,2303
3341,Gommiswald,2518,2451,4380,589,2206,2174,312,277
3342,Eschenbach (SG),4645,4478,7761,1362,3894,3867,751,611
3352,Ebnat-Kappel,2524,2533,4341,716,2131,2210,393,323
3359,Wildhaus-Alt St. Johann,1367,1300,2340,327,1180,1160,187,140
3360,Nesslau,1810,1801,3316,295,1650,1666,160,135
3372,Hemberg,461,466,874,53,439,435,22,31
3374,Lichtensteig,976,935,1565,346,782,783,194,152
3375,Oberhelfenschwil,649,651,1185,115,587,598,62,53
3378,Neckertal,2088,1909,3629,368,1876,1753,212,156
3379,Wattwil,4243,4338,6530,2051,3175,3355,1068,983
3392,Kirchberg (SG),4579,4295,6428,2446,3173,3255,1406,1040
3393,Lütisburg,739,712,1274,177,633,641,106,71
3394,Mosnang,1464,1338,2681,121,1388,1293,76,45
3395,Bütschwil-Ganterschwil,2362,2372,4054,680,2011,2043,351,329
3401,Degersheim,2014,1986,3268,732,1617,1651,397,335
3402,Flawil,5157,5211,7411,2957,3590,3821,1567,1390
3405,Jonschwil,1910,1857,3295,472,1654,1641,256,216
3407,Oberuzwil,3212,3137,5151,1198,2545,2606,667,531
3408,Uzwil,6429,6352,9170,3611,4488,4682,1941,1670
3422,Niederbüren,790,729,1381,138,710,671,80,58
3423,Niederhelfenschwil,1529,1479,2828,180,1437,1391,92,88
3424,Oberbüren,2200,2072,3773,499,1906,1867,294,205
3426,Zuzwil (SG),2426,2386,4239,573,2117,2122,309,264
3427,Wil (SG),11623,12044,16970,6697,8119,8851,3504,3193
3506,Vaz/Obervaz,1369,1349,2126,592,1032,1094,337,255
3513,Lantsch/Lenz,273,253,437,89,222,215,51,38
3514,Schmitten (GR),133,109,212,30,115,97,18,12
3542,Albula/Alvra,668,663,1147,184,563,584,105,79
3543,Surses,1211,1158,1988,381,988,1000,223,158
3544,Bergün Filisur,500,452,758,194,379,379,121,73
3551,Brusio,554,552,988,118,472,516,82,36
3561,Poschiavo,1746,1767,3201,312,1576,1625,170,142
3746,Zernez,799,771,1279,291,636,643,163,128
3752,Samnaun,398,375,606,167,319,287,79,88
3762,Scuol,2321,2369,3674,1016,1779,1895,542,474
3764,Valsot,454,450,823,81,408,415,46,35
3847,Val Müstair,740,799,1425,114,674,751,66,48
3721,Bonaduz,1565,1618,2743,440,1308,1435,257,183
3722,Domat/Ems,3977,3903,6134,1746,3024,3110,953,793
3723,Rhäzüns,729,696,1182,243,597,585,132,111
3731,Felsberg,1254,1222,2181,295,1091,1090,163,132
3732,Flims,1345,1352,2124,573,1029,1095,316,257
3733,Tamins,603,571,1002,172,512,490,91,81
3734,Trin,667,656,1130,193,560,570,107,86
3945,Trimmis,1623,1565,2897,291,1460,1437,163,128
3946,Untervaz,1217,1228,2191,254,1087,1104,130,124
3947,Zizers,1687,1674,2892,469,1434,1458,253,216
3951,Fläsch,353,360,654,59,325,329,28,31
3952,Jenins,448,464,814,98,399,415,49,49
3953,Maienfeld,1365,1402,2462,305,1205,1257,160,145
3954,Malans,1150,1174,2126,198,1047,1079,103,95
3955,Landquart,4429,4393,7044,1778,3457,3587,972,806
3781,Bever,318,309,525,102,256,269,62,40
3782,Celerina/Schlarigna,753,781,1027,507,511,516,242,265
3783,Madulain,115,114,161,68,80,81,35,33
3784,Pontresina,1072,1094,1430,736,697,733,375,361
3785,La Punt Chamues-ch,379,370,533,216,268,265,111,105
3786,Samedan,1473,1523,2268,728,1082,1186,391,337
3787,St. Moritz,2515,2552,2977,2090,1403,1574,1112,978
3788,S-chanf,366,331,583,114,308,275,58,56
3789,Sils im Engadin/Segl,386,375,468,293,226,242,160,133
3790,Silvaplana,521,565,698,388,328,370,193,195
3791,Zuoz,651,599,791,459,393,398,258,201
3792,Bregaglia,740,796,1322,214,629,693,111,103
3804,Buseno,44,48,84,8,39,45,5,3
3805,Castaneda,118,148,233,33,96,137,22,11
3808,Rossa,80,67,130,17,68,62,12,5
3810,Santa Maria in Calanca,51,51,96,6,46,50,5,1
3821,Lostallo,397,370,632,135,315,317,82,53
3822,Mesocco,700,649,1083,266,544,539,156,110
3823,Soazza,191,156,286,61,141,145,50,11
3831,Cama,286,285,467,104,225,242,61,43
3832,Grono,690,631,949,372,460,489,230,142
3834,Roveredo (GR),1245,1266,1934,577,927,1007,318,259
3835,San Vittore,383,383,589,177,274,315,109,68
3837,Calanca,98,89,159,28,76,83,22,6
3901,Chur,17587,18594,29271,6910,13852,15419,3735,3175
3911,Churwalden,1062,968,1646,384,837,809,225,159
3921,Arosa,1670,1535,2496,709,1256,1240,414,295
3932,Tschiertschen-Praden,163,151,284,30,146,138,17,13
3851,Davos,5530,5579,8122,2987,3937,4185,1593,1394
3861,Fideris,299,301,556,44,278,278,21,23
3862,Furna,96,113,200,9,92,108,4,5
3863,Jenaz,584,579,1064,99,532,532,52,47
3871,Klosters,2262,2275,3642,895,1781,1861,481,414
3881,Conters im Prättigau,109,106,205,10,105,100,4,6
3882,Küblis,416,442,706,152,328,378,88,64
3891,Luzein,794,755,1451,98,742,709,52,46
3961,Grüsch,995,989,1837,147,912,925,83,64
3962,Schiers,1344,1299,2204,439,1091,1113,253,186
3972,Seewis im Prättigau,688,702,1243,147,621,622,67,80
3572,Falera,326,288,520,94,266,254,60,34
3575,Laax,880,737,1304,313,691,613,189,124
3581,Sagogn,361,328,612,77,327,285,34,43
3582,Schluein,331,285,474,142,252,222,79,63
3603,Vals,496,494,843,147,416,427,80,67
3618,Lumnezia,1066,994,1975,85,1012,963,54,31
3619,Ilanz/Glion,2266,2429,3997,698,1897,2100,369,329
3672,Safiental,467,429,846,50,441,405,26,24
3981,Breil/Brigels,909,890,1660,139,838,822,71,68
3982,Disentis/Mustér,1070,1000,1802,268,917,885,153,115
3983,Medel (Lucmagn),190,199,382,7,188,194,2,5
3985,Sumvitg,600,618,1149,69,560,589,40,29
3986,Tujetsch,680,644,1147,177,582,565,98,79
3987,Trun,576,626,1093,109,516,577,60,49
3988,Obersaxen Mundaun,582,564,1048,98,533,515,49,49
3633,Fürstenau,169,176,318,27,155,163,14,13
3637,Rothenbrunnen,145,158,269,34,127,142,18,16
3638,Scharans,401,419,780,40,382,398,19,21
3640,Sils im Domleschg,472,455,777,150,381,396,91,59
3661,Cazis,1065,1022,1748,339,865,883,200,139
3662,Flerden,113,116,219,10,107,112,6,4
3663,Masein,236,239,459,16,230,229,6,10
3668,Thusis,1574,1523,2138,959,1044,1094,530,429
3669,Tschappina,68,58,117,9,64,53,4,5
3670,Urmein,80,61,131,10,75,56,5,5
3673,Domleschg,945,998,1863,80,903,960,42,38
3681,Avers,79,89,158,10,73,85,6,4
3695,Sufers,61,64,125,0,61,64,0,0
3701,Andeer,462,496,805,153,373,432,89,64
3711,Rongellen,35,24,53,6,32,21,3,3
3712,Zillis-Reischen,215,188,340,63,181,159,34,29
3713,Ferrera,47,37,75,9,44,31,3,6
3714,Rheinwald,315,291,529,77,274,255,41,36
3715,Muntogna da Schons,181,174,341,14,172,169,9,5
4001,Aarau,10122,10588,16568,4142,7906,8662,2216,1926
4002,Biberstein,729,748,1349,128,658,691,71,57
4003,Buchs (AG),3768,3963,5165,2566,2442,2723,1326,1240
4004,Densbüren,352,350,628,74,318,310,34,40
4005,Erlinsbach (AG),1945,2028,3320,653,1596,1724,349,304
4006,Gränichen,3666,3766,5847,1585,2844,3003,822,763
4007,Hirschthal,776,795,1408,163,687,721,89,74
4008,Küttigen,2932,3098,5100,930,2450,2650,482,448
4009,Muhen,1912,1919,3319,512,1641,1678,271,241
4010,Oberentfelden,3813,3901,5452,2262,2622,2830,1191,1071
4012,Suhr,4822,5082,6773,3131,3194,3579,1628,1503
4013,Unterentfelden,2056,2064,3133,987,1519,1614,537,450
4021,Baden,9598,9414,13936,5076,6837,7099,2761,2315
4022,Bellikon,766,782,1397,151,683,714,83,68
4023,Bergdietikon,1320,1362,2233,449,1095,1138,225,224
4024,Birmenstorf (AG),1470,1452,2320,602,1166,1154,304,298
4026,Ennetbaden,1636,1688,2602,722,1244,1358,392,330
4027,Fislisbach,2729,2827,4153,1403,1987,2166,742,661
4028,Freienwil,474,506,831,149,393,438,81,68
4029,Gebenstorf,2520,2455,3560,1415,1771,1789,749,666
4030,Killwangen,1005,955,1430,530,718,712,287,243
4031,Künten,846,825,1420,251,702,718,144,107
4032,Mägenwil,1075,1008,1644,439,829,815,246,193
4033,Mellingen,2708,2635,3620,1723,1795,1825,913,810
4034,Neuenhof,4397,4422,4592,4227,2167,2425,2230,1997
4035,Niederrohrdorf,1806,1887,3048,645,1478,1570,328,317
4037,Oberrohrdorf,2030,2002,3312,720,1656,1656,374,346
4038,Obersiggenthal,4213,4377,5849,2741,2779,3070,1434,1307
4039,Remetschwil,1058,983,1754,287,900,854,158,129
4040,Spreitenbach,5688,5565,5434,5819,2614,2820,3074,2745
4041,Stetten (AG),1069,1070,1689,450,821,868,248,202
4042,Turgi,1511,1477,1833,1155,876,957,635,520
4044,Untersiggenthal,3628,3533,5108,2053,2513,2595,1115,938
4045,Wettingen,9954,10344,14835,5463,7014,7821,2940,2523
4046,Wohlenschwil,747,763,1254,256,602,652,145,111
4047,Würenlingen,2297,2280,3401,1176,1668,1733,629,547
4048,Würenlos,3082,3118,5163,1037,2525,2638,557,480
4049,Ehrendingen,2336,2407,3898,845,1889,2009,447,398
4061,Arni (AG),949,900,1618,231,819,799,130,101
4062,Berikon,2302,2306,3773,835,1872,1901,430,405
4063,Bremgarten (AG),3830,3945,6154,1621,2958,3196,872,749
4064,Büttikon,495,485,808,172,401,407,94,78
4065,Dottikon,1962,1895,2492,1365,1221,1271,741,624
4066,Eggenwil,498,448,770,176,400,370,98,78
4067,Fischbach-Göslikon,806,820,1409,217,696,713,110,107
4068,Hägglingen,1221,1198,2095,324,1042,1053,179,145
4071,Jonen,1002,1017,1763,256,869,894,133,123
4072,Niederwil (AG),1404,1357,2306,455,1163,1143,241,214
4073,Oberlunkhofen,937,988,1681,244,810,871,127,117
4074,Oberwil-Lieli,1114,1099,1962,251,978,984,136,115
4075,Rudolfstetten-Friedlisberg,2170,2234,3278,1126,1595,1683,575,551
4076,Sarmenstorf,1384,1421,2426,379,1186,1240,198,181
4077,Tägerig,727,728,1229,226,608,621,119,107
4078,Uezwil,232,230,419,43,212,207,20,23
4079,Unterlunkhofen,651,647,1164,134,577,587,74,60
4080,Villmergen,3588,3433,4945,2076,2433,2512,1155,921
4081,Widen,1761,1810,3075,496,1498,1577,263,233
4082,Wohlen (AG),7889,7711,9649,5951,4678,4971,3211,2740
4083,Zufikon,2164,2216,3493,887,1699,1794,465,422
4084,Islisberg,323,306,546,83,276,270,47,36
4091,Auenstein,787,778,1420,145,715,705,72,73
4092,Birr,2259,2143,2371,2031,1190,1181,1069,962
4093,Birrhard,350,347,606,91,302,304,48,43
4095,Brugg,6223,6241,8944,3520,4313,4631,1910,1610
4099,Habsburg,205,202,367,40,181,186,24,16
4100,Hausen (AG),1723,1684,2660,747,1317,1343,406,341
4104,Lupfig,1482,1463,2480,465,1235,1245,247,218
4105,Mandach,169,148,303,14,162,141,7,7
4106,Mönthal,199,192,346,45,176,170,23,22
4107,Mülligen,539,518,876,181,431,445,108,73
4110,Remigen,536,518,899,155,448,451,88,67
4111,Riniken,733,745,1216,262,588,628,145,117
4112,Rüfenach,451,415,749,117,387,362,64,53
4117,Thalheim (AG),423,384,753,54,391,362,32,22
4120,Veltheim (AG),726,714,1185,255,588,597,138,117
4121,Villigen,1058,971,1465,564,751,714,307,257
4122,Villnachern,810,763,1323,250,666,657,144,106
4123,Windisch,3655,3706,5199,2162,2534,2665,1121,1041
4124,Bözberg,791,779,1422,148,706,716,85,63
4125,Schinznach,1112,1112,1872,352,908,964,204,148
4131,Beinwil am See,1531,1534,2696,369,1325,1371,206,163
4132,Birrwil,564,568,989,143,481,508,83,60
4133,Burg (AG),503,476,634,345,319,315,184,161
4134,Dürrenäsch,627,595,1092,130,553,539,74,56
4135,Gontenschwil,1066,1012,1715,363,862,853,204,159
4136,Holziken,652,665,1112,205,544,568,108,97
4137,Leimbach (AG),237,237,415,59,210,205,27,32
4138,Leutwil,381,375,711,45,358,353,23,22
4139,Menziken,2927,3003,3673,2257,1730,1943,1197,1060
4140,Oberkulm,1286,1406,2087,605,963,1124,323,282
4141,Reinach (AG),4100,4082,4940,3242,2412,2528,1688,1554
4142,Schlossrued,413,407,755,65,378,377,35,30
4143,Schmiedrued,588,576,1058,106,527,531,61,45
4144,Schöftland,2057,2169,3515,711,1670,1845,387,324
4145,Teufenthal (AG),797,777,1196,378,596,600,201,177
4146,Unterkulm,1464,1506,2054,916,987,1067,477,439
4147,Zetzwil,677,643,1157,163,587,570,90,73
4161,Eiken,1135,1061,1762,434,889,873,246,188
4163,Frick,2673,2611,3990,1294,1972,2018,701,593
4164,Gansingen,509,491,928,72,471,457,38,34
4165,Gipf-Oberfrick,1777,1766,3093,450,1531,1562,246,204
4166,Herznach,731,696,1234,193,624,610,107,86
4169,Kaisten,1310,1284,2189,405,1095,1094,215,190
4170,Laufenburg,1814,1657,2337,1134,1184,1153,630,504
4172,Münchwilen (AG),466,436,697,205,349,348,117,88
4173,Oberhof,306,293,543,56,277,266,29,27
4175,Oeschgen,508,436,828,116,441,387,67,49
4176,Schwaderloch,357,317,525,149,261,264,96,53
4177,Sisseln,812,739,1183,368,613,570,199,169
4179,Ueken,460,440,762,138,383,379,77,61
4181,Wittnau,619,597,1074,142,555,519,64,78
4182,Wölflinswil,525,480,929,76,482,447,43,33
4183,Zeihen,559,543,939,163,470,469,89,74
4184,Mettauertal,965,964,1691,238,838,853,127,111
4185,Böztal,1278,1272,2146,404,1057,1089,221,183
4191,Ammerswil,360,322,604,78,318,286,42,36
4192,Boniswil,699,719,1221,197,588,633,111,86
4193,Brunegg,378,354,586,146,289,297,89,57
4194,Dintikon,1118,1050,1618,550,823,795,295,255
4195,Egliswil,671,664,1219,116,610,609,61,55
4196,Fahrwangen,999,1005,1562,442,764,798,235,207
4197,Hallwil,401,389,649,141,321,328,80,61
4198,Hendschiken,602,561,982,181,503,479,99,82
4199,Holderbank (AG),593,555,800,348,402,398,191,157
4200,Hunzenschwil,1965,1903,2778,1090,1383,1395,582,508
4201,Lenzburg,4582,4580,6599,2563,3210,3389,1372,1191
4202,Meisterschwanden,1461,1357,2377,441,1209,1168,252,189
4203,Möriken-Wildegg,2200,2195,3501,894,1727,1774,473,421
4204,Niederlenz,2287,2259,3254,1292,1598,1656,689,603
4205,Othmarsingen,1374,1323,2006,691,1006,1000,368,323
4206,Rupperswil,2637,2507,4082,1062,2054,2028,583,479
4207,Schafisheim,1540,1433,2387,586,1203,1184,337,249
4208,Seengen,1861,1926,3374,413,1647,1727,214,199
4209,Seon,2432,2513,3714,1231,1772,1942,660,571
4210,Staufen,1475,1462,2477,460,1209,1268,266,194
4221,Abtwil,486,484,848,122,421,427,65,57
4222,Aristau,724,660,1180,204,609,571,115,89
4223,Auw,1018,964,1684,298,845,839,173,125
4224,Beinwil (Freiamt),531,549,976,104,477,499,54,50
4226,Besenbüren,304,303,561,46,273,288,31,15
4227,Bettwil,296,275,519,52,263,256,33,19
4228,Boswil,1405,1375,2254,526,1113,1141,292,234
4229,Bünzen,522,509,877,154,420,457,102,52
4230,Buttwil,594,582,1066,110,539,527,55,55
4231,Dietwil,666,621,1114,173,557,557,109,64
4232,Geltwil,103,98,172,29,85,87,18,11
4233,Kallern,168,162,311,19,157,154,11,8
4234,Merenschwand,1780,1640,2808,612,1426,1382,354,258
4235,Mühlau,549,519,910,158,464,446,85,73
4236,Muri (AG),3782,3809,5966,1625,2909,3057,873,752
4237,Oberrüti,759,753,1324,188,654,670,105,83
4238,Rottenschwil,432,374,725,81,383,342,49,32
4239,Sins,2150,2093,3443,800,1713,1730,437,363
4240,Waltenschwil,1394,1368,2395,367,1185,1210,209,158
4251,Hellikon,393,410,762,41,370,392,23,18
4252,Kaiseraugst,2814,2751,3969,1596,1946,2023,868,728
4253,Magden,1969,1980,3346,603,1653,1693,316,287
4254,Möhlin,5435,5418,8179,2674,3978,4201,1457,1217
4255,Mumpf,682,649,958,373,463,495,219,154
4256,Obermumpf,540,520,923,137,460,463,80,57
4257,Olsberg,191,165,313,43,169,144,22,21
4258,Rheinfelden,6521,6584,9018,4087,4349,4669,2172,1915
4259,Schupfart,405,361,694,72,364,330,41,31
4260,Stein (AG),1606,1530,1873,1263,915,958,691,572
4261,Wallbach,950,950,1645,255,822,823,128,127
4262,Wegenstetten,545,533,969,109,481,488,64,45
4263,Zeiningen,1117,1160,1943,334,952,991,165,169
4264,Zuzgen,421,438,764,95,373,391,48,47
4271,Aarburg,3937,3786,4354,3369,2120,2234,1817,1552
4273,Bottenwil,374,409,721,62,340,381,34,28
4274,Brittnau,1914,1945,3481,378,1696,1785,218,160
4275,Kirchleerau,419,424,759,84,376,383,43,41
4276,Kölliken,2105,2167,3473,799,1666,1807,439,360
4277,Moosleerau,483,434,786,131,398,388,85,46
4279,Murgenthal,1488,1404,2355,537,1208,1147,280,257
4280,Oftringen,6678,6573,8756,4495,4234,4522,2444,2051
4281,Reitnau,759,768,1361,166,664,697,95,71
4282,Rothrist,4366,4318,6843,1841,3358,3485,1008,833
4283,Safenwil,1857,1838,2950,745,1451,1499,406,339
4284,Staffelbach,555,528,986,97,494,492,61,36
4285,Strengelbach,2361,2236,3395,1202,1699,1696,662,540
4286,Uerkheim,689,672,1233,128,616,617,73,55
4287,Vordemwald,942,967,1788,121,869,919,73,48
4288,Wiliberg,90,77,162,5,86,76,4,1
4289,Zofingen,5648,5839,9310,2177,4498,4812,1150,1027
4303,Böttstein,2037,1879,2306,1610,1166,1140,871,739
4304,Döttingen,1954,1845,2288,1511,1127,1161,827,684
4305,Endingen,1272,1256,2065,463,1022,1043,250,213
4306,Fisibach,235,205,336,104,178,158,57,47
4307,Full-Reuenthal,449,419,742,126,374,368,75,51
4309,Klingnau,1711,1601,2372,940,1186,1186,525,415
4310,Koblenz,862,766,947,681,491,456,371,310
4311,Leibstadt,658,616,901,373,448,453,210,163
4312,Lengnau (AG),1328,1339,2260,407,1116,1144,212,195
4313,Leuggern,1071,1059,1732,398,849,883,222,176
4314,Mellikon,134,128,223,39,108,115,26,13
4318,Schneisingen,665,671,1197,139,592,605,73,66
4319,Siglistorf,329,307,502,134,254,248,75,59
4320,Tegerfelden,599,568,985,182,495,490,104,78
4324,Zurzach,3761,3610,4891,2480,2366,2525,1395,1085
4401,Arbon,7113,7153,9782,4484,4688,5094,2425,2059
4406,Dozwil,343,340,589,94,293,296,50,44
4411,Egnach,2346,2227,3969,604,2009,1960,337,267
4416,Hefenhofen,631,598,1057,172,536,521,95,77
4421,Horn,1307,1296,2157,446,1060,1097,247,199
4426,Kesswil,485,517,827,175,401,426,84,91
4431,Roggwil (TG),1481,1471,2625,327,1305,1320,176,151
4436,Romanshorn,5296,5457,7421,3332,3539,3882,1757,1575
4441,Salmsach,709,696,1027,378,505,522,204,174
4446,Sommeri,246,274,467,53,217,250,29,24
4451,Uttwil,912,920,1485,347,727,758,185,162
4461,Amriswil,6470,6643,9084,4029,4341,4743,2129,1900
4536,Basadingen-Schlattingen,928,900,1545,283,777,768,151,132
4545,Diessenhofen,1884,1792,2407,1269,1178,1229,706,563
4546,Schlatt (TG),826,826,1450,202,717,733,109,93
4561,Felben-Wellhausen,1404,1287,2161,530,1103,1058,301,229
4566,Frauenfeld,12120,12744,18953,5911,8991,9962,3129,2782
4571,Gachnang,2013,1971,3398,586,1687,1711,326,260
4590,Hüttlingen,433,397,755,75,387,368,46,29
4591,Matzingen,1334,1297,1979,652,989,990,345,307
4601,Neunforn,501,462,899,64,463,436,38,26
4606,Stettfurt,598,566,1063,101,536,527,62,39
4611,Thundorf,736,688,1318,106,672,646,64,42
4616,Uesslingen-Buch,553,533,1003,83,505,498,48,35
4621,Warth-Weiningen,633,609,1124,118,568,556,65,53
4801,Berlingen,426,435,664,197,314,350,112,85
4806,Eschenz,868,857,1431,294,707,724,161,133
4811,Herdern,502,518,927,93,455,472,47,46
4816,Homburg,747,765,1405,107,693,712,54,53
4821,Hüttwilen,836,833,1518,151,757,761,79,72
4826,Mammern,319,307,460,166,230,230,89,77
4831,Müllheim,1450,1434,2421,463,1185,1236,265,198
4841,Pfyn,966,975,1677,264,824,853,142,122
4864,Steckborn,1901,1825,2765,961,1335,1430,566,395
4871,Wagenhausen,826,848,1339,335,646,693,180,155
4641,Altnau,1063,1086,1736,413,845,891,218,195
4643,Bottighofen,1100,1071,1515,656,764,751,336,320
4646,Ermatingen,1585,1617,2269,933,1085,1184,500,433
4651,Gottlieben,167,158,191,134,91,100,76,58
4656,Güttingen,794,780,1273,301,634,639,160,141
4666,Kemmental,1218,1175,1954,439,982,972,236,203
4671,Kreuzlingen,10695,10847,9880,11662,4572,5308,6123,5539
4681,Langrickenbach,659,617,1070,206,555,515,104,102
4683,Lengwil,820,839,1245,414,608,637,212,202
4691,Münsterlingen,1592,1607,1986,1213,968,1018,624,589
4696,Tägerwilen,2204,2184,2814,1574,1354,1460,850,724
4701,Wäldi,536,500,856,180,438,418,98,82
4846,Raperswilen,209,186,358,37,188,170,21,16
4851,Salenstein,647,635,948,334,470,478,177,157
4551,Aadorf,4459,4335,7389,1405,3666,3723,793,612
4716,Bettwiesen,616,538,908,246,471,437,145,101
4721,Bichelsee-Balterswil,1463,1338,2475,326,1291,1184,172,154
4723,Braunau,375,385,683,77,336,347,39,38
4724,Eschlikon,2177,2101,3677,601,1849,1828,328,273
4726,Fischingen,1349,1295,2419,225,1216,1203,133,92
4741,Lommis,613,613,1063,163,524,539,89,74
4746,Münchwilen (TG),2660,2610,4150,1120,2025,2125,635,485
4751,Rickenbach (TG),1422,1351,1810,963,890,920,532,431
4761,Sirnach,3893,3782,5872,1803,2912,2960,981,822
4776,Tobel-Tägerschen,785,771,1316,240,657,659,128,112
4781,Wängi,2342,2238,3886,694,1981,1905,361,333
4786,Wilen (TG),1269,1198,2175,292,1103,1072,166,126
4471,Bischofszell,2985,2910,4331,1564,2116,2215,869,695
4476,Erlen,1843,1781,2658,966,1323,1335,520,446
4486,Hauptwil-Gottshaus,974,941,1727,188,877,850,97,91
4495,Hohentannen,324,292,550,66,287,263,37,29
4501,Kradolf-Schönenberg,1823,1731,2725,829,1352,1373,471,358
4506,Sulgen,1857,1851,2768,940,1353,1415,504,436
4511,Zihlschlacht-Sitterdorf,1172,1082,1977,277,1023,954,149,128
4711,Affeltrangen,1299,1196,2102,393,1065,1037,234,159
4756,Schönholzerswilen,420,394,746,68,380,366,40,28
4791,Wuppenau,560,561,1040,81,514,526,46,35
4881,Amlikon-Bissegg,690,633,1188,135,602,586,88,47
4891,Berg (TG),1662,1639,2811,490,1398,1413,264,226
4901,Birwinken,686,677,1215,148,604,611,82,66
4911,Bürglen (TG),1875,1815,2676,1014,1304,1372,571,443
4921,Bussnang,1172,1092,1956,308,990,966,182,126
4941,Märstetten,1384,1374,2386,372,1192,1194,192,180
4946,Weinfelden,5652,5535,8736,2451,4293,4443,1359,1092
4951,Wigoltingen,1222,1152,2001,373,1013,988,209,164
5001,Arbedo-Castione,2373,2439,3431,1381,1618,1813,755,626
5002,Bellinzona,20507,21955,31593,10869,14754,16839,5753,5116
5003,Cadenazzo,1430,1332,1720,1042,864,856,566,476
5009,Isone,201,184,356,29,186,170,15,14
5010,Lumino,703,713,1184,232,567,617,136,96
5017,Sant'Antonino,1201,1210,1740,671,839,901,362,309
5048,Acquarossa,927,929,1636,220,797,839,130,90
5049,Blenio,889,894,1630,153,801,829,88,65
5050,Serravalle,1067,1008,1900,175,964,936,103,72
5061,Airolo,809,767,1172,404,569,603,240,164
5063,Bedretto,60,48,90,18,48,42,12,6
5064,Bodio,534,503,514,523,243,271,291,232
5071,Dalpe,98,100,176,22,84,92,14,8
5072,Faido,1495,1491,2352,634,1171,1181,324,310
5073,Giornico,451,428,614,265,299,315,152,113
5076,Personico,177,167,269,75,134,135,43,32
5077,Pollegio,388,353,457,284,218,239,170,114
5078,Prato (Leventina),221,202,316,107,157,159,64,43
5079,Quinto,521,530,795,256,390,405,131,125
5091,Ascona,2552,2887,3911,1528,1754,2157,798,730
5096,Brione sopra Minusio,244,251,402,93,194,208,50,43
5097,Brissago,879,890,1406,363,681,725,198,165
5108,Gordola,2204,2307,3663,848,1749,1914,455,393
5112,Lavertezzo,632,606,929,309,452,477,180,129
5113,Locarno,7530,8438,10477,5491,4717,5760,2813,2678
5115,Losone,3226,3291,5059,1458,2436,2623,790,668
5117,Mergoscia,113,105,194,24,93,101,20,4
5118,Minusio,3329,3915,5536,1708,2457,3079,872,836
5120,Muralto,1279,1448,1968,759,881,1087,398,361
5121,Orselina,366,393,608,151,290,318,76,75
5125,Ronco sopra Ascona,322,302,458,166,238,220,84,82
5131,Tenero-Contra,1395,1480,2154,721,1020,1134,375,346
5136,Onsernone,366,335,647,54,330,317,36,18
5138,Cugnasco-Gerra,1409,1440,2423,426,1188,1235,221,205
5396,Terre di Pedemonte,1236,1382,2292,326,1070,1222,166,160
5397,Centovalli,583,587,1061,109,520,541,63,46
5398,Gambarogno,2535,2601,4059,1077,1927,2132,608,469
5399,Verzasca,398,432,775,55,372,403,26,29
5141,Agno,2132,2335,2944,1523,1328,1616,804,719
5143,Aranno,166,182,299,49,138,161,28,21
5144,Arogno,499,505,866,138,416,450,83,55
5146,Astano,149,159,263,45,122,141,27,18
5148,Bedano,750,794,1269,275,594,675,156,119
5149,Bedigliora,326,309,554,81,283,271,43,38
5151,Bioggio,1265,1367,2065,567,934,1131,331,236
5154,Bissone,432,439,546,325,250,296,182,143
5160,Brusino Arsizio,243,242,394,91,192,202,51,40
5161,Cademario,373,386,637,122,307,330,66,56
5162,Cadempino,763,766,1099,430,533,566,230,200
5167,Canobbio,1054,1083,1632,505,778,854,276,229
5171,Caslano,2048,2291,3077,1262,1375,1702,673,589
5176,Comano,971,1097,1820,248,842,978,129,119
5180,Cureglia,688,666,1134,220,564,570,124,96
5181,Curio,265,286,472,79,223,249,42,37
5186,Grancia,259,260,350,169,170,180,89,80
5187,Gravesano,608,657,1019,246,478,541,130,116
5189,Lamone,879,891,1071,699,499,572,380,319
5192,Lugano,30617,32966,39346,24237,18093,21253,12524,11713
5193,Magliaso,715,779,1155,339,527,628,188,151
5194,Manno,651,649,1066,234,518,548,133,101
5196,Massagno,2923,3286,3604,2605,1611,1993,1312,1293
5198,Melide,878,922,1133,667,525,608,353,314
5199,Mezzovico-Vira,683,675,1130,228,563,567,120,108
5200,Miglieglia,153,158,262,49,125,137,28,21
5203,Morcote,387,382,444,325,205,239,182,143
5205,Muzzano,382,439,652,169,299,353,83,86
5206,Neggio,159,168,287,40,137,150,22,18
5207,Novaggio,393,439,717,115,329,388,64,51
5208,Origlio,688,752,1163,277,551,612,137,140
5210,Paradiso,2052,2002,1799,2255,819,980,1233,1022
5212,Ponte Capriasca,921,955,1613,263,775,838,146,117
5214,Porza,799,821,1222,398,583,639,216,182
5216,Pura,702,720,1129,293,539,590,163,130
5221,Savosa,1065,1175,1467,773,658,809,407,366
5225,Sorengo,838,1115,1170,783,518,652,320,463
5226,Capriasca,3214,3310,5808,716,2831,2977,383,333
5227,Torricella-Taverne,1510,1562,2226,846,1042,1184,468,378
5230,Vernate,283,298,469,112,223,246,60,52
5231,Vezia,959,1041,1499,501,697,802,262,239
5233,Vico Morcote,190,186,204,172,97,107,93,79
5236,Collina d'Oro,2314,2357,3179,1492,1527,1652,787,705
5237,Alto Malcantone,693,728,1301,120,624,677,69,51
5238,Monteceneri,2487,2206,3606,1087,1776,1830,711,376
5239,Tresa,1588,1694,2522,760,1188,1334,400,360
5240,Val Mara,1464,1444,2089,819,1015,1074,449,370
5242,Balerna,1659,1731,2534,856,1190,1344,469,387
5249,Castel San Pietro,1038,1058,1839,257,896,943,142,115
5250,Chiasso,3977,4197,4783,3391,2169,2614,1808,1583
5251,Coldrerio,1389,1470,2277,582,1080,1197,309,273
5254,Mendrisio,7280,7658,11607,3331,5520,6087,1760,1571
5257,Morbio Inferiore,2188,2445,3501,1132,1608,1893,580,552
5260,Novazzano,1166,1234,2020,380,957,1063,209,171
5263,Riva San Vitale,1299,1311,2148,462,1037,1111,262,200
5266,Stabio,2293,2323,3513,1103,1696,1817,597,506
5268,Vacallo,1686,1733,2404,1015,1124,1280,562,453
5269,Breggia,994,1054,1817,231,879,938,115,116
5281,Biasca,3155,3013,3977,2191,1970,2007,1185,1006
5287,Riviera,2126,1970,2817,1279,1371,1446,755,524
5304,Bosco/Gurin,33,19,47,5,30,17,3,2
5307,Campo (Vallemaggia),34,23,48,9,28,20,6,3
5309,Cerentino,32,21,45,8,26,19,6,2
5310,Cevio,579,606,986,199,469,517,110,89
5315,Linescio,27,22,41,8,21,20,6,2
5317,Maggia,1274,1310,2293,291,1111,1182,163,128
5323,Lavizzara,282,258,507,33,256,251,26,7
5324,Avegno Gordevio,727,737,1344,120,660,684,67,53
5401,Aigle,4894,5048,5952,3990,2797,3155,2097,1893
5402,Bex,3638,3726,5005,2359,2390,2615,1248,1111
5403,Chessel,208,191,332,67,174,158,34,33
5404,Corbeyrier,221,212,390,43,200,190,21,22
5405,Gryon,665,602,871,396,441,430,224,172
5406,Lavey-Morcles,445,466,752,159,364,388,81,78
5407,Leysin,2007,2217,1643,2581,841,802,1166,1415
5408,Noville,518,511,759,270,377,382,141,129
5409,Ollon,3706,3720,4734,2692,2312,2422,1394,1298
5410,Ormont-Dessous,555,564,952,167,466,486,89,78
5411,Ormont-Dessus,744,737,1103,378,527,576,217,161
5412,Rennaz,423,416,574,265,270,304,153,112
5413,Roche (VD),720,809,1049,480,478,571,242,238
5414,Villeneuve (VD),2685,2823,3322,2186,1533,1789,1152,1034
5415,Yvorne,488,539,872,155,421,451,67,88
5451,Avenches,2069,2041,2619,1491,1242,1377,827,664
5456,Cudrefin,793,723,1306,210,673,633,120,90
5458,Faoug,420,440,694,166,340,354,80,86
5464,Vully-les-Lacs,1418,1410,2438,390,1198,1240,220,170
5663,Bussy-sur-Moudon,98,100,175,23,84,91,14,9
5665,Chavannes-sur-Moudon,103,121,212,12,100,112,3,9
5669,Curtilles,153,158,273,38,134,139,19,19
5671,Dompierre (VD),122,125,208,39,104,104,18,21
5673,Hermenches,193,188,334,47,169,165,24,23
5674,Lovatens,74,76,143,7,71,72,3,4
5675,Lucens,1946,1991,2536,1401,1191,1345,755,646
5678,Moudon,2931,2994,3133,2792,1438,1695,1493,1299
5683,Prévonloup,85,87,149,23,73,76,12,11
5684,Rossenges,32,33,58,7,30,28,2,5
5688,Syens,77,62,104,35,59,45,18,17
5690,Villars-le-Comte,75,75,139,11,69,70,6,5
5692,Vucherens,272,271,471,72,233,238,39,33
5785,Corcelles-le-Jorat,206,217,360,63,174,186,32,31
5798,Ropraz,211,196,320,87,159,161,52,35
5803,Vulliens,232,229,405,56,198,207,34,22
5812,Champtauroz,70,63,115,18,59,56,11,7
5813,Chevroux,219,216,393,42,197,196,22,20
5816,Corcelles-près-Payerne,1093,1140,1681,552,807,874,286,266
5817,Grandcour,432,419,748,103,375,373,57,46
5819,Henniez,176,163,252,87,130,122,46,41
5821,Missy,175,174,300,49,149,151,26,23
5822,Payerne,4656,4804,5787,3673,2705,3082,1951,1722
5827,Trey,126,130,233,23,114,119,12,11
5828,Treytorrens (Payerne),63,60,120,3,61,59,2,1
5830,Villarzel,206,210,367,49,176,191,30,19
5831,Valbroye,1497,1464,2336,625,1157,1179,340,285
5471,Bettens,273,284,467,90,224,243,49,41
5472,Bournens,192,180,291,81,152,139,40,41
5473,Boussens,466,495,810,151,386,424,80,71
5480,Daillens,461,479,752,188,356,396,105,83
5487,Lussery-Villars,216,205,334,87,170,164,46,41
5489,Mex (VD),324,353,497,180,235,262,89,91
5495,Penthalaz,1560,1684,2374,870,1095,1279,465,405
5496,Penthaz,818,834,1279,373,612,667,206,167
5501,Sullens,462,462,794,130,394,400,68,62
5503,Vufflens-la-Ville,613,603,1024,192,510,514,103,89
5511,Assens,741,760,1286,215,609,677,132,83
5512,Bercher,580,568,934,214,468,466,112,102
5514,Bottens,625,598,1028,195,506,522,119,76
5515,Bretigny-sur-Morrens,400,397,675,122,339,336,61,61
5516,Cugy (VD),1346,1404,2080,670,1002,1078,344,326
5518,Echallens,2763,2863,4454,1172,2140,2314,623,549
5520,Essertines-sur-Yverdon,475,471,832,114,418,414,57,57
5521,Etagnières,589,556,881,264,440,441,149,115
5522,Fey,326,310,573,63,290,283,36,27
5523,Froideville,1246,1183,2013,416,1022,991,224,192
5527,Morrens (VD),510,544,915,139,434,481,76,63
5529,Oulens-sous-Echallens,266,265,474,57,234,240,32,25
5530,Pailly,272,263,472,63,237,235,35,28
5531,Penthéréaz,189,200,367,22,176,191,13,9
5533,Poliez-Pittet,396,419,711,104,338,373,58,46
5534,Rueyres,138,127,237,28,128,109,10,18
5535,Saint-Barthélemy (VD),420,364,698,86,373,325,47,39
5537,Villars-le-Terroir,535,499,919,115,470,449,65,50
5539,Vuarrens,475,460,804,131,402,402,73,58
5540,Montilliez,828,828,1425,231,715,710,113,118
5541,Goumoëns,545,509,940,114,482,458,63,51
5661,Boulens,165,160,297,28,146,151,19,9
5680,Ogens,138,145,252,31,122,130,16,15
5693,Montanaire,1222,1194,2126,290,1057,1069,165,125
5804,Jorat-Menthue,779,743,1281,241,640,641,139,102
5923,Oppens,104,78,134,48,71,63,33,15
5551,Bonvillars,244,259,457,46,220,237,24,22
5552,Bullet,294,312,572,34,277,295,17,17
5553,Champagne,524,524,895,153,437,458,87,66
5554,Concise,475,482,805,152,396,409,79,73
5555,Corcelles-près-Concise,157,181,310,28,141,169,16,12
5556,Fiez,203,217,376,44,178,198,25,19
5557,Fontaines-sur-Grandson,91,100,160,31,76,84,15,16
5559,Giez,196,192,342,46,169,173,27,19
5560,Grandevent,111,121,197,35,95,102,16,19
5561,Grandson,1629,1677,2687,619,1298,1389,331,288
5562,Mauborget,69,50,95,24,54,41,15,9
5563,Mutrux,78,76,144,10,71,73,7,3
5564,Novalles,51,51,96,6,48,48,3,3
5565,Onnens (VD),246,249,427,68,211,216,35,33
5566,Provence,199,185,348,36,176,172,23,13
5568,Sainte-Croix,2405,2380,3895,890,1904,1991,501,389
5571,Tévenon,392,416,712,96,342,370,50,46
5741,L'Abergement,128,123,234,17,121,113,7,10
5742,Agiez,145,165,257,53,120,137,25,28
5743,Arnex-sur-Orbe,312,309,541,80,269,272,43,37
5744,Ballaigues,521,550,909,162,442,467,79,83
5745,Baulmes,519,514,858,175,416,442,103,72
5746,Bavois,476,465,764,177,380,384,96,81
5747,Bofflens,97,90,180,7,91,89,6,1
5748,Bretonnières,119,134,231,22,109,122,10,12
5749,Chavornay,2386,2293,3520,1159,1742,1778,644,515
5750,Les Clées,92,94,167,19,83,84,9,10
5752,Croy,153,182,306,29,141,165,12,17
5754,Juriens,141,160,283,18,134,149,7,11
5755,Lignerolle,209,181,341,49,185,156,24,25
5756,Montcherand,232,242,426,48,211,215,21,27
5757,Orbe,3369,3483,4629,2223,2177,2452,1192,1031
5758,La Praz,82,78,143,17,74,69,8,9
5759,Premier,98,87,177,8,95,82,3,5
5760,Rances,238,222,411,49,208,203,30,19
5761,Romainmôtier-Envy,261,268,443,86,213,230,48,38
5762,Sergey,77,67,130,14,71,59,6,8
5763,Valeyres-sous-Rances,304,297,492,109,248,244,56,53
5764,Vallorbe,1848,1806,2625,1029,1289,1336,559,470
5765,Vaulion,239,250,443,46,213,230,26,20
5766,Vuiteboeuf,279,266,432,113,215,217,64,49
5871,L'Abbaye,705,728,1221,212,591,630,114,98
5872,Le Chenit,2325,2319,3352,1292,1633,1719,692,600
5873,Le Lieu,442,415,721,136,371,350,71,65
5902,Belmont-sur-Yverdon,194,175,308,61,157,151,37,24
5903,Bioley-Magnoux,104,97,192,9,99,93,5,4
5904,Chamblon,303,265,493,75,253,240,50,25
5905,Champvent,311,305,526,90,265,261,46,44
5907,Chavannes-le-Chêne,137,141,263,15,131,132,6,9
5908,Chêne-Pâquier,61,63,120,4,59,61,2,2
5909,Cheseaux-Noréaz,349,315,581,83,301,280,48,35
5910,Cronay,185,179,337,27,171,166,14,13
5911,Cuarny,112,103,199,16,104,95,8,8
5912,Démoret,64,59,114,9,60,54,4,5
5913,Donneloye,384,382,690,76,344,346,40,36
5914,Ependes (VD),171,175,292,54,140,152,31,23
5919,Mathod,302,280,510,72,258,252,44,28
5921,Molondin,107,116,188,35,89,99,18,17
5922,Montagny-près-Yverdon,363,350,615,98,306,309,57,41
5924,Orges,141,134,235,40,119,116,22,18
5925,Orzens,101,111,191,21,90,101,11,10
5926,Pomy,372,359,655,76,323,332,49,27
5928,Rovray,84,92,163,13,77,86,7,6
5929,Suchy,281,261,466,76,236,230,45,31
5930,Suscévaz,99,99,177,21,86,91,13,8
5931,Treycovagnes,220,243,398,65,188,210,32,33
5932,Ursins,101,105,180,26,91,89,10,16
5933,Valeyres-sous-Montagny,332,329,567,94,276,291,56,38
5934,Valeyres-sous-Ursins,125,120,230,15,116,114,9,6
5935,Villars-Epeney,48,42,84,6,43,41,5,1
5937,Vugelles-La Mothe,64,72,115,21,53,62,11,10
5938,Yverdon-les-Bains,14432,15268,18456,11244,8586,9870,5846,5398
5939,Yvonand,1538,1618,2695,461,1289,1406,249,212
5582,Cheseaux-sur-Lausanne,2154,2164,3306,1012,1584,1722,570,442
5584,Epalinges,4416,4786,6456,2746,3028,3428,1388,1358
5585,Jouxtens-Mézery,714,700,1103,311,546,557,168,143
5586,Lausanne,65235,70394,77461,58168,35132,42329,30103,28065
5587,Le Mont-sur-Lausanne,3593,3689,5434,1848,2591,2843,1002,846
5592,Romanel-sur-Lausanne,1660,1697,2537,820,1207,1330,453,367
5581,Belmont-sur-Lausanne,1832,1772,2687,917,1342,1345,490,427
5588,Paudex,721,771,985,507,470,515,251,256
5590,Pully,8358,9449,12186,5621,5501,6685,2857,2764
5601,Chexbres,1040,1176,1713,503,779,934,261,242
5604,Forel (Lavaux),1035,1056,1684,407,806,878,229,178
5606,Lutry,4673,5074,7162,2585,3359,3803,1314,1271
5607,Puidoux,1445,1409,1956,898,980,976,465,433
5609,Rivaz,186,177,290,73,141,149,45,28
5610,Saint-Saphorin (Lavaux),204,180,304,80,157,147,47,33
5611,Savigny,1654,1688,2559,783,1246,1313,408,375
5613,Bourg-en-Lavaux,2581,2658,4102,1137,1977,2125,604,533
5790,Maracon,213,231,397,47,189,208,24,23
5792,Montpreveyres,322,304,496,130,252,244,70,60
5799,Servion,945,961,1578,328,779,799,166,162
5805,Oron,2744,2895,4484,1155,2115,2369,629,526
5806,Jorat-Mézières,1339,1420,2315,444,1108,1207,231,213
5422,Aubonne,1895,1864,2557,1202,1255,1302,640,562
5423,Ballens,261,245,411,95,207,204,54,41
5424,Berolle,150,141,254,37,132,122,18,19
5425,Bière,797,769,1164,402,555,609,242,160
5426,Bougy-Villars,235,250,325,160,158,167,77,83
5427,Féchy,426,430,609,247,295,314,131,116
5428,Gimel,937,976,1453,460,691,762,246,214
5431,Mollens (VD),150,145,258,37,132,126,18,19
5435,Saint-Livres,361,352,583,130,286,297,75,55
5436,Saint-Oyens,169,177,284,62,135,149,34,28
5437,Saubraz,187,206,311,82,142,169,45,37
5474,La Chaux (Cossonay),209,212,364,57,175,189,34,23
5475,Chavannes-le-Veyron,56,64,105,15,49,56,7,8
5476,Chevilly,131,156,255,32,116,139,15,17
5477,Cossonay,1782,1865,2779,868,1318,1461,464,404
5479,Cuarnens,229,209,385,53,192,193,37,16
5481,Dizy,114,108,196,26,100,96,14,12
5482,Eclépens,549,488,754,283,388,366,161,122
5483,Ferreyres,170,144,292,22,154,138,16,6
5484,Gollion,440,426,719,147,358,361,82,65
5485,Grancy,197,199,335,61,165,170,32,29
5486,L'Isle,518,514,904,128,441,463,77,51
5488,Mauraz,20,29,49,0,20,29,0,0
5490,Moiry,138,152,268,22,127,141,11,11
5491,Mont-la-Ville,197,186,339,44,172,167,25,19
5492,Montricher,467,491,825,133,397,428,70,63
5493,Orny,185,190,308,67,151,157,34,33
5497,Pompaples,402,436,621,217,283,338,119,98
5498,La Sarraz,1255,1309,1837,727,868,969,387,340
5499,Senarclens,223,227,392,58,190,202,33,25
5621,Aclens,278,247,382,143,197,185,81,62
5622,Bremblens,253,259,430,82,208,222,45,37
5623,Buchillon,306,319,475,150,230,245,76,74
5628,Chigny,163,170,245,88,119,126,44,44
5629,Clarmont,75,84,132,27,64,68,11,16
5631,Denens,350,359,581,128,280,301,70,58
5632,Denges,827,826,1173,480,554,619,273,207
5633,Echandens,1330,1332,1867,795,863,1004,467,328
5634,Echichens,1257,1336,2167,426,1022,1145,235,191
5636,Etoy,1464,1475,1977,962,953,1024,511,451
5637,Lavigny,497,498,736,259,362,374,135,124
5638,Lonay,1216,1320,1963,573,916,1047,300,273
5639,Lully (VD),393,368,641,120,324,317,69,51
5640,Lussy-sur-Morges,317,329,525,121,252,273,65,56
5642,Morges,7472,8204,9998,5678,4509,5489,2963,2715
5643,Préverenges,2627,2633,3580,1680,1735,1845,892,788
5645,Romanel-sur-Morges,231,227,395,63,204,191,27,36
5646,Saint-Prex,2739,2864,3543,2060,1677,1866,1062,998
5649,Tolochenaz,918,941,1290,569,619,671,299,270
5650,Vaux-sur-Morges,102,101,172,31,88,84,14,17
5652,Villars-sous-Yens,280,286,481,85,236,245,44,41
5653,Vufflens-le-Château,408,413,667,154,323,344,85,69
5654,Vullierens,234,223,377,80,191,186,43,37
5655,Yens,705,699,1045,359,524,521,181,178
5656,Hautemorges,1943,1992,3354,581,1629,1725,314,267
5851,Allaman,213,182,284,111,151,133,62,49
5429,Longirod,234,230,379,85,188,191,46,39
5430,Marchissy,232,222,381,73,195,186,37,36
5434,Saint-George,474,482,731,225,365,366,109,116
5701,Arnex-sur-Nyon,111,108,159,60,84,75,27,33
5702,Arzier-Le Muids,1272,1299,1814,757,896,918,376,381
5703,Bassins,666,657,1007,316,509,498,157,159
5704,Begnins,870,954,1323,501,598,725,272,229
5705,Bogis-Bossey,445,460,559,346,278,281,167,179
5706,Borex,533,542,739,336,351,388,182,154
5707,Chavannes-de-Bogis,643,675,800,518,400,400,243,275
5708,Chavannes-des-Bois,431,454,522,363,253,269,178,185
5709,Chéserex,591,604,881,314,431,450,160,154
5710,Coinsins,210,225,349,86,170,179,40,46
5711,Commugny,1414,1449,1715,1148,825,890,589,559
5712,Coppet,1567,1570,1853,1284,910,943,657,627
5713,Crans (VD),1076,1096,1469,703,718,751,358,345
5714,Crassier,598,589,827,360,409,418,189,171
5715,Duillier,511,523,788,246,389,399,122,124
5716,Eysins,748,758,1021,485,497,524,251,234
5717,Founex,1809,1823,2022,1610,981,1041,828,782
5718,Genolier,947,982,1303,626,639,664,308,318
5719,Gingins,600,623,887,336,420,467,180,156
5720,Givrins,511,472,690,293,348,342,163,130
5721,Gland,6241,6486,8185,4542,3861,4324,2380,2162
5722,Grens,189,198,283,104,135,148,54,50
5723,Mies,992,989,1186,795,571,615,421,374
5724,Nyon,9788,10300,11963,8125,5589,6374,4199,3926
5725,Prangins,1935,2094,2826,1203,1327,1499,608,595
5726,La Rippe,557,585,828,314,396,432,161,153
5727,Saint-Cergue,1299,1144,1618,825,847,771,452,373
5728,Signy-Avenex,246,260,358,148,171,187,75,73
5729,Tannay,788,808,999,597,489,510,299,298
5730,Trélex,698,727,1042,383,509,533,189,194
5731,Le Vaud,630,614,1019,225,514,505,116,109
5732,Vich,454,442,620,276,302,318,152,124
5852,Bursinel,230,245,347,128,164,183,66,62
5853,Bursins,388,391,595,184,288,307,100,84
5854,Burtigny,177,173,294,56,149,145,28,28
5855,Dully,306,335,421,220,197,224,109,111
5856,Essertines-sur-Rolle,345,351,512,184,255,257,90,94
5857,Gilly,554,580,808,326,394,414,160,166
5858,Luins,320,312,405,227,199,206,121,106
5859,Mont-sur-Rolle,1281,1337,1818,800,873,945,408,392
5860,Perroy,725,740,1007,458,496,511,229,229
5861,Rolle,2973,3136,3329,2780,1543,1786,1430,1350
5862,Tartegnin,107,123,175,55,83,92,24,31
5863,Vinzel,173,176,289,60,141,148,32,28
5583,Crissier,3908,3822,4284,3446,2007,2277,1901,1545
5589,Prilly,5760,6208,6910,5058,3095,3815,2665,2393
5591,Renens (VD),10338,10199,9928,10609,4718,5210,5620,4989
5624,Bussigny,4129,4085,5189,3025,2498,2691,1631,1394
5627,Chavannes-près-Renens,3704,3682,3571,3815,1653,1918,2051,1764
5635,Ecublens (VD),6258,6026,6649,5635,3116,3533,3142,2493
5648,Saint-Sulpice (VD),2052,1852,2159,1745,1033,1126,1019,726
5651,Villars-Sainte-Croix,344,366,531,179,246,285,98,81
5841,Château-d'Oex,1656,1750,2549,857,1203,1346,453,404
5842,Rossinière,279,289,481,87,236,245,43,44
5843,Rougemont,436,451,566,321,260,306,176,145
5882,Chardonne,1381,1494,2185,690,1023,1162,358,332
5883,Corseaux,1031,1141,1622,550,743,879,288,262
5884,Corsier-sur-Vevey,1648,1795,2257,1186,1036,1221,612,574
5885,Jongny,752,742,1112,382,552,560,200,182
5886,Montreux,12486,13947,13934,12499,6336,7598,6150,6349
5889,La Tour-de-Peilz,5334,6087,8066,3355,3599,4467,1735,1620
5890,Vevey,9433,10020,10988,8465,5019,5969,4414,4051
5891,Veytaux,419,446,597,268,276,321,143,125
6002,Brig-Glis,6255,6833,10939,2149,5202,5737,1053,1096
6004,Eggerberg,167,178,327,18,155,172,12,6
6007,Naters,4830,4978,8404,1404,4098,4306,732,672
6008,Ried-Brig,1037,1004,1891,150,956,935,81,69
6009,Simplon,150,169,313,6,147,166,3,3
6010,Termen,437,458,830,65,399,431,38,27
6011,Zwischbergen,51,33,64,20,40,24,11,9
6021,Ardon,1532,1518,2028,1022,990,1038,542,480
6022,Chamoson,1784,1803,2888,699,1412,1476,372,327
6023,Conthey,4179,4306,6504,1981,3127,3377,1052,929
6024,Nendaz,3215,3087,5404,898,2701,2703,514,384
6025,Vétroz,2904,2984,4377,1511,2095,2282,809,702
6032,Bourg-Saint-Pierre,99,84,149,34,78,71,21,13
6033,Liddes,392,358,689,61,358,331,34,27
6034,Orsières,1615,1564,2732,447,1379,1353,236,211
6035,Sembrancher,496,488,784,200,381,403,115,85
6037,Val de Bagnes,5058,4890,7065,2883,3496,3569,1562,1321
6052,Bellwald,217,194,348,63,185,163,32,31
6054,Binn,74,71,133,12,70,63,4,8
6056,Ernen,253,258,462,49,229,233,24,25
6057,Fiesch,491,436,799,128,426,373,65,63
6058,Fieschertal,163,156,287,32,147,140,16,16
6061,Lax,147,139,253,33,126,127,21,12
6076,Obergoms,344,306,575,75,301,274,43,32
6077,Goms,589,614,1078,125,511,567,78,47
6082,Ayent,1955,1967,3390,532,1688,1702,267,265
6083,Evolène,857,832,1522,167,773,749,84,83
6084,Hérémence,661,701,1282,80,628,654,33,47
6087,Saint-Martin (VS),432,443,830,45,402,428,30,15
6089,Vex,907,894,1525,276,747,778,160,116
6090,Mont-Noble,487,546,926,107,427,499,60,47
6101,Agarn,409,371,714,66,367,347,42,24
6102,Albinen,115,128,218,25,104,114,11,14
6104,Ergisch,100,89,181,8,95,86,5,3
6109,Inden,64,56,97,23,49,48,15,8
6110,Leuk,1951,1964,3401,514,1679,1722,272,242
6111,Leukerbad,750,725,934,541,445,489,305,236
6112,Oberems,59,66,120,5,55,65,4,1
6113,Salgesch,746,719,1251,214,627,624,119,95
6116,Varen,316,299,574,41,296,278,20,21
6117,Guttet-Feschel,203,212,390,25,192,198,11,14
6118,Gampel-Bratsch,970,939,1666,243,831,835,139,104
6119,Turtmann-Unterems,532,585,995,122,467,528,65,57
6131,Bovernier,412,438,732,118,352,380,60,58
6133,Fully,4228,4296,6843,1681,3330,3513,898,783
6134,Isérables,415,439,830,24,403,427,12,12
6135,Leytron,1506,1578,2468,616,1179,1289,327,289
6136,Martigny,9437,9880,13341,5976,6240,7101,3197,2779
6137,Martigny-Combe,1166,1151,2019,298,986,1033,180,118
6139,Riddes,1524,1461,2066,919,1003,1063,521,398
6140,Saillon,1231,1251,1943,539,942,1001,289,250
6141,Saxon,2772,2762,3676,1858,1769,1907,1003,855
6142,Trient,115,78,135,58,65,70,50,8
6151,Champéry,698,642,983,357,510,473,188,169
6152,Collombey-Muraz,4323,4315,6452,2186,3114,3338,1209,977
6153,Monthey,8621,8891,11745,5767,5544,6201,3077,2690
6154,Port-Valais,1911,1988,2691,1208,1317,1374,594,614
6155,Saint-Gingolph,448,464,701,211,334,367,114,97
6156,Troistorrents,2256,2249,3936,569,1946,1990,310,259
6157,Val-d'Illiez,958,917,1547,328,780,767,178,150
6158,Vionnaz,1302,1228,2075,455,1056,1019,246,209
6159,Vouvry,1982,1986,2916,1052,1432,1484,550,502
6172,Bister,15,16,30,1,15,15,0,1
6173,Bitsch,442,452,804,90,393,411,49,41
6177,Grengiols,209,222,414,17,203,211,6,11
6181,Riederalp,243,255,431,67,211,220,32,35
6191,Ausserberg,310,318,581,47,285,296,25,22
6192,Blatten,142,146,279,9,138,141,4,5
6193,Bürchen,369,369,707,31,352,355,17,14
6194,Eischoll,227,226,436,17,216,220,11,6
6195,Ferden,134,110,236,8,131,105,3,5
6197,Kippel,173,180,341,12,168,173,5,7
6198,Niedergesteln,348,335,638,45,325,313,23,22
6199,Raron,969,936,1633,272,821,812,148,124
6201,Unterbäch,206,205,385,26,194,191,12,14
6202,Wiler (Lötschen),278,298,540,36,258,282,20,16
6203,Mörel-Filet,335,351,591,95,282,309,53,42
6204,Steg-Hohtenn,787,786,1388,185,681,707,106,79
6205,Bettmeralp,223,229,401,51,206,195,17,34
6211,Collonges,364,359,594,129,298,296,66,63
6212,Dorénaz,441,429,736,134,366,370,75,59
6213,Evionnaz,652,590,1016,226,527,489,125,101
6214,Finhaut,280,165,294,151,155,139,125,26
6215,Massongex,866,921,1466,321,693,773,173,148
6217,Saint-Maurice,2221,2273,3258,1236,1563,1695,658,578
6218,Salvan,652,687,1201,138,583,618,69,69
6219,Vernayaz,949,937,1380,506,665,715,284,222
6220,Vérossaz,359,353,659,53,331,328,28,25
6232,Chalais,1705,1705,2818,592,1381,1437,324,268
6235,Chippis,829,803,903,729,440,463,389,340
6238,Grône,1141,1170,1839,472,893,946,248,224
6239,Icogne,282,279,439,122,216,223,66,56
6240,Lens,2004,1982,2755,1231,1359,1396,645,586
6246,Saint-Léonard,1107,1162,1803,466,874,929,233,233
6248,Sierre,8146,8565,11349,5362,5302,6047,2844,2518
6252,Anniviers,1402,1314,2139,577,1080,1059,322,255
6253,Crans-Montana,5409,5522,6409,4522,3124,3285,2285,2237
6254,Noble-Contrée,2160,2219,3709,670,1809,1900,351,319
6261,Arbaz,600,595,1015,180,500,515,100,80
6263,Grimisuat,1592,1626,2766,452,1364,1402,228,224
6265,Savièse,3633,3748,6406,975,3110,3296,523,452
6266,Sion,16367,17512,24633,9246,11512,13121,4855,4391
6267,Veysonnaz,304,302,495,111,237,258,67,44
6281,Baltschieder,652,648,1200,100,606,594,46,54
6282,Eisten,94,107,198,3,93,105,1,2
6283,Embd,154,148,292,10,149,143,5,5
6285,Grächen,673,678,1221,130,607,614,66,64
6286,Lalden,339,329,591,77,296,295,43,34
6287,Randa,220,226,320,126,152,168,68,58
6288,Saas-Almagell,189,202,337,54,160,177,29,25
6289,Saas-Balen,167,202,332,37,153,179,14,23
6290,Saas-Fee,837,784,1129,492,548,581,289,203
6291,Saas-Grund,515,528,922,121,455,467,60,61
6292,St. Niklaus,1140,1150,2081,209,1037,1044,103,106
6293,Stalden (VS),536,562,1014,84,488,526,48,36
6294,Staldenried,279,271,532,18,267,265,12,6
6295,Täsch,631,591,556,666,287,269,344,322
6296,Törbel,236,232,456,12,230,226,6,6
6297,Visp,3839,3826,5999,1666,2918,3081,921,745
6298,Visperterminen,670,710,1335,45,645,690,25,20
6299,Zeneggen,152,136,266,22,139,127,13,9
6300,Zermatt,2930,2829,3476,2283,1712,1764,1218,1065
6404,Boudry,2782,2938,4084,1636,1912,2172,870,766
6408,Cortaillod,2355,2447,3827,975,1806,2021,549,426
6413,Rochefort,618,606,1085,139,542,543,76,63
6416,Milvignes,4415,4654,7258,1811,3430,3828,985,826
6417,La Grande Béroche,4460,4612,7419,1653,3533,3886,927,726
6421,La Chaux-de-Fonds,18859,20098,26893,12064,12486,14407,6373,5691
6422,Les Planchettes,106,117,202,21,93,109,13,8
6423,La Sagne,469,494,891,72,430,461,39,33
6432,La Brévine,330,312,598,44,309,289,21,23
6433,Brot-Plamboz,141,129,263,7,137,126,4,3
6434,Le Cerneux-Péquignot,168,157,312,13,162,150,6,7
6435,La Chaux-du-Milieu,264,237,478,23,249,229,15,8
6436,Le Locle,5698,5791,8241,3248,3943,4298,1755,1493
6437,Les Ponts-de-Martel,631,648,1173,106,569,604,62,44
6451,Cornaux,800,792,1220,372,575,645,225,147
6452,Cressier (NE),951,953,1392,512,668,724,283,229
6453,Enges,145,134,251,28,130,121,15,13
6454,Hauterive (NE),1235,1393,1947,681,886,1061,349,332
6455,Le Landeron,2216,2285,3631,870,1732,1899,484,386
6456,Lignières,484,465,829,120,424,405,60,60
6458,Neuchâtel,21698,23148,30477,14369,14159,16318,7539,6830
6459,Saint-Blaise,1636,1648,2610,674,1254,1356,382,292
6461,La Tène,2405,2524,3669,1260,1727,1942,678,582
6487,Val-de-Ruz,8256,8330,13985,2601,6793,7192,1463,1138
6504,La Côte-aux-Fées,236,233,423,46,211,212,25,21
6511,Les Verrières,351,348,636,63,311,325,40,23
6512,Val-de-Travers,5312,5593,8762,2143,4122,4640,1190,953
6601,Aire-la-Ville,582,578,942,218,476,466,106,112
6602,Anières,1179,1247,1638,788,780,858,399,389
6603,Avully,883,888,1408,363,684,724,199,164
6604,Avusy,703,723,1241,185,607,634,96,89
6605,Bardonnex,1095,1165,1750,510,838,912,257,253
6606,Bellevue,1595,1665,2044,1216,969,1075,626,590
6607,Bernex,4883,5049,7827,2105,3740,4087,1143,962
6608,Carouge (GE),10266,11076,13217,8125,6065,7152,4201,3924
6609,Cartigny,437,428,670,195,334,336,103,92
6610,Céligny,326,353,484,195,236,248,90,105
6611,Chancy,811,787,1243,355,626,617,185,170
6612,Chêne-Bougeries,5286,5936,7288,3934,3335,3953,1951,1983
6613,Chêne-Bourg,4003,4469,5382,3090,2430,2952,1573,1517
6614,Choulex,547,592,867,272,419,448,128,144
6615,Collex-Bossy,817,848,1120,545,545,575,272,273
6616,Collonge-Bellerive,3792,4206,5646,2352,2639,3007,1153,1199
6617,Cologny,2589,2911,3460,2040,1570,1890,1019,1021
6618,Confignon,2210,2310,3688,832,1786,1902,424,408
6619,Corsier (GE),998,1019,1413,604,685,728,313,291
6620,Dardagny,751,781,1095,437,518,577,233,204
6621,Genève,95146,102926,102477,95595,46871,55606,48275,47320
6622,Genthod,1332,1415,1782,965,851,931,481,484
6623,Le Grand-Saconnex,5814,6293,6797,5310,3177,3620,2637,2673
6624,Gy,231,277,406,102,186,220,45,57
6625,Hermance,495,521,725,291,344,381,151,140
6626,Jussy,629,642,1014,257,499,515,130,127
6627,Laconnex,323,338,550,111,263,287,60,51
6628,Lancy,15153,16206,19903,11456,9257,10646,5896,5560
6629,Meinier,1032,1108,1664,476,795,869,237,239
6630,Meyrin,11079,11073,12293,9859,5768,6525,5311,4548
6631,Onex,8923,9712,11822,6813,5394,6428,3529,3284
6632,Perly-Certoux,1444,1595,2236,803,1034,1202,410,393
6633,Plan-les-Ouates,5042,5302,7905,2439,3789,4116,1253,1186
6634,Pregny-Chambésy,1797,1896,1760,1933,817,943,980,953
6635,Presinge,350,342,540,152,265,275,85,67
6636,Puplinge,1005,1117,1719,403,786,933,219,184
6637,Russin,287,253,392,148,208,184,79,69
6638,Satigny,2068,2039,3022,1085,1488,1534,580,505
6639,Soral,371,381,612,140,304,308,67,73
6640,Thônex,6695,7260,9141,4814,4248,4893,2447,2367
6641,Troinex,1168,1168,1825,511,903,922,265,246
6642,Vandoeuvres,1249,1264,1760,753,866,894,383,370
6643,Vernier,17164,17491,19116,15539,9063,10053,8101,7438
6644,Versoix,6392,6871,7525,5738,3465,4060,2927,2811
6645,Veyrier,5485,5788,8112,3161,3898,4214,1587,1574
6702,Boécourt,447,451,815,83,404,411,43,40
6703,Bourrignon,130,136,255,11,125,130,5,6
6704,Châtillon (JU),242,233,442,33,221,221,21,12
6706,Courchapoix,224,203,397,30,206,191,18,12
6708,Courrendlin,1613,1637,2637,613,1295,1342,318,295
6709,Courroux,1592,1637,2819,410,1372,1447,220,190
6710,Courtételle,1275,1294,2164,405,1063,1101,212,193
6711,Delémont,6143,6450,9107,3486,4284,4823,1859,1627
6712,Develier,694,707,1223,178,596,627,98,80
6713,Ederswiler,57,56,111,2,56,55,1,1
6715,Mervelier,243,265,496,12,239,257,4,8
6716,Mettembert,53,54,94,13,42,52,11,2
6718,Movelier,195,196,350,41,170,180,25,16
6719,Pleigne,174,185,350,9,170,180,4,5
6721,Rossemaison,315,285,553,47,285,268,30,17
6722,Saulcy,126,136,241,21,114,127,12,9
6724,Soyhières,239,248,396,91,190,206,49,42
6729,Haute-Sorne,3412,3474,5882,1004,2863,3019,549,455
6730,Val Terbi,1553,1538,2887,204,1441,1446,112,92
6741,Le Bémont (JU),156,160,310,6,154,156,2,4
6742,Les Bois,608,587,1084,111,548,536,60,51
6743,Les Breuleux,748,772,1298,222,639,659,109,113
6744,La Chaux-des-Breuleux,51,46,88,9,46,42,5,4
6745,Les Enfers,75,73,143,5,72,71,3,2
6748,Les Genevez (JU),257,256,483,30,243,240,14,16
6750,Lajoux (JU),326,334,610,50,297,313,29,21
6751,Montfaucon,321,289,581,29,306,275,15,14
6753,Muriaux,262,242,465,39,243,222,19,20
6754,Le Noirmont,871,974,1564,281,721,843,150,131
6757,Saignelégier,1271,1266,2333,204,1164,1169,107,97
6758,Saint-Brais,118,117,227,8,114,113,4,4
6759,Soubey,74,58,129,3,73,56,1,2
6771,Alle,878,887,1574,191,768,806,110,81
6773,Beurnevésin,62,64,120,6,56,64,6,0
6774,Boncourt,592,631,1091,132,525,566,67,65
6775,Bonfol,318,351,612,57,285,327,33,24
6778,Bure,343,347,644,46,317,327,26,20
6781,Coeuve,353,362,683,32,338,345,15,17
6782,Cornol,521,508,959,70,485,474,36,34
6783,Courchavon,148,152,282,18,136,146,12,6
6784,Courgenay,1119,1143,2030,232,995,1035,124,108
6785,Courtedoux,357,415,716,56,327,389,30,26
6787,Damphreux,91,90,170,11,86,84,5,6
6789,Fahy,174,181,326,29,158,168,16,13
6790,Fontenais,839,832,1523,148,756,767,83,65
6792,Grandfontaine,184,208,373,19,172,201,12,7
6793,Lugnez,95,89,171,13,87,84,8,5
6800,Porrentruy,3338,3491,5576,1253,2663,2913,675,578
6806,Vendlincourt,284,276,517,43,257,260,27,16
6807,Basse-Allaine,606,637,1140,103,551,589,55,48
6808,Clos du Doubs,651,655,1203,103,600,603,51,52
6809,Haute-Ajoie,558,544,1014,88,512,502,46,42
6810,La Baroche,589,595,1103,81,543,560,46,35
